lbp_2_0,lbp_2_1,lbp_2_2,lbp_2_3,lbp_2_4,lbp_2_5,lbp_2_6,lbp_2_7,lbp_2_8,lbp_2_9,lbp_2_10,lbp_2_11,lbp_2_12,lbp_2_13,lbp_2_14,lbp_2_15,lbp_2_16,lbp_2_17,lbp_3_0,lbp_3_1,lbp_3_2,lbp_3_3,lbp_3_4,lbp_3_5,lbp_3_6,lbp_3_7,lbp_3_8,lbp_3_9,lbp_3_10,lbp_3_11,lbp_3_12,lbp_3_13,lbp_3_14,lbp_3_15,lbp_3_16,lbp_3_17,lbp_3_18,lbp_3_19,lbp_3_20,lbp_3_21,lbp_3_22,lbp_3_23,lbp_3_24,lbp_3_25,label
0.035943077901119856,0.015758716807667855,0.023839796567069294,0.029414641302753192,0.03179862095946012,0.03743459337864932,0.04624920534011443,0.06222798180840139,0.08447845860433273,0.06796175852119908,0.0492811384419776,0.03989192625556262,0.03439043474008509,0.029011198591618173,0.02256834075015893,0.01456061421096386,0.23125825223727323,0.14393124358159323,0.03646877597926549,0.011516455572399628,0.015220793192821165,0.016773436353855933,0.015783167881069978,0.015086312289109493,0.01486625262849039,0.01725023228519732,0.018888454203139518,0.02306958775490244,0.03023375226172429,0.04330285099515869,0.057924592889627854,0.04371851924299477,0.03211648491368771,0.024927869333463738,0.020282165387060493,0.017176879064990953,0.01456061421096386,0.01518411658271798,0.015966550931585898,0.016076580761895446,0.014267201330138393,0.01029390190229351,0.22561005428138295,0.2334343977700621,flavigenum
0.017971894640209023,0.009621495657086363,0.0117046818727491,0.017053880375679682,0.02053174210860815,0.03144198856012993,0.04801920768307323,0.1046536261563449,0.16940894004660687,0.10610126403502577,0.053085940258456324,0.039315726290516204,0.02582797825012358,0.02265023656521432,0.017901278158322154,0.01085728409010663,0.19793799872890333,0.09591483652284444,0.018783984181908058,0.007838429489442836,0.007273497634347857,0.009144834404349975,0.0098509992232187,0.011881223077466281,0.01438810818445025,0.016718452086717038,0.0234093637454982,0.02944707294682579,0.041646070192783,0.0852517477579267,0.13117011510486548,0.0730527505119695,0.039810041663724316,0.02868794576654191,0.020161005578702068,0.01827201468822823,0.014405762304921969,0.014441070545865405,0.013858484570298708,0.013787868088411835,0.009762728620860108,0.006532024574535697,0.18603912153096533,0.15438528352517478,neoechinulatum
0.05117447587930992,0.018409197792133857,0.02796341674711022,0.0327838419841093,0.03146580530184896,0.03291378926264201,0.03796935719412886,0.04983787530011633,0.061774461028192375,0.051186851810598746,0.03914507066656766,0.03497438182223212,0.03314893195712977,0.03417613425410262,0.030908888393851638,0.018780475730798742,0.23842850424494444,0.17495854063018243,0.05555555555555555,0.015550357664414247,0.02125566198856464,0.020698745080567314,0.01735724363258335,0.013564020692557115,0.01214697655998614,0.012679141605405807,0.013891982871711096,0.015364718695081804,0.017969852231380413,0.025296403554367467,0.03384817207494864,0.02641023737036212,0.01990049751243781,0.016905522140541075,0.015160515828816118,0.013483577139179723,0.012017029281453429,0.013681592039800995,0.017542882601915794,0.02199821786589441,0.021397985198386177,0.01451077943615257,0.23856463948912154,0.2932476918888146,venetum
0.03955585640667307,0.014515459865490436,0.02438531749497773,0.03054306052930387,0.03214254520045419,0.03792907677526421,0.043731985326229364,0.05432788889859377,0.06533321687483623,0.055648964975107,0.04434339243602061,0.04001441173901651,0.03539064547122019,0.03191326753428247,0.024620054153201152,0.014782950476024107,0.2677308061839462,0.1430910996593589,0.04479648877631234,0.012157175299152764,0.01663900777360468,0.018920866451218446,0.017932788889859375,0.016562581884880776,0.016300550266398813,0.016524368940518824,0.0179491658660145,0.019914403004629225,0.02210345881736396,0.027802646519346667,0.034042274434448426,0.029156476548170145,0.022862258712551313,0.020116385710542407,0.018282164381168663,0.017932788889859375,0.016338763210760766,0.01572189710891781,0.01781269106472181,0.018926325443270154,0.017288627827757884,0.01090706611931173,0.2681238536116691,0.24488492444755,hirsutum
0.03948576675849403,0.015711088154269973,0.02363119834710744,0.026672979797979796,0.026012970615243342,0.02931301652892562,0.039213154269972454,0.0757432277318641,0.1205377640036731,0.07802456382001836,0.04116448576675849,0.03420569329660239,0.02896866391184573,0.028337350780532598,0.02404729109274564,0.01493629476584022,0.20803202479338842,0.1459624655647383,0.04116448576675849,0.012296258034894399,0.018064164370982554,0.017404155188246097,0.01459194214876033,0.01236799816345271,0.011564508723599633,0.012210169880624426,0.014290633608815427,0.017117194674012855,0.027820821854912765,0.05749253902662994,0.0853133608815427,0.05442206152433425,0.026472107438016527,0.01901113406795225,0.014462809917355372,0.01486455463728191,0.012812786960514234,0.013429752066115703,0.014907598714416897,0.017231978879706154,0.01700241046831956,0.010545798898071626,0.20329717630853994,0.23984159779614325,freii
0.040577489333573705,0.01627005588606454,0.02378162370049877,0.02638062616429301,0.025749654467880537,0.03090258998858242,0.037738116699717564,0.07102938525329007,0.13489273481160988,0.0721110510185686,0.03999158704404784,0.03287062075596418,0.02801814794783967,0.029760831680788413,0.02522384472087014,0.014527372153115798,0.20709392464395168,0.1430803437293432,0.042004687218316204,0.012514271978847425,0.016720749954930593,0.016044708851631513,0.014617510966889008,0.012153716723754582,0.011252328586022474,0.014031608677363139,0.016360194699837752,0.018959197163631994,0.025359052941529955,0.05041764317048254,0.0998738056607175,0.048344450453698694,0.024788173787632956,0.01703623580313683,0.014452256474971456,0.013145243675259901,0.012093624181239108,0.014001562406105403,0.016224986479177934,0.017306652244456464,0.01655549546301304,0.010365963583919236,0.20341325641487892,0.24196262243855537,entromorphobium
0.0488399762046401,0.01902439024390244,0.028828078524687686,0.032355740630577036,0.03189767995240928,0.03366448542534206,0.03864366448542534,0.05155859607376562,0.06149910767400357,0.05132064247471743,0.03932183224271267,0.033236168947055326,0.03151100535395598,0.0335871505056514,0.030809042236763833,0.020083283759666865,0.24242117787031528,0.1713979773944081,0.05588340273646639,0.014651992861392028,0.02105294467578822,0.021094586555621655,0.016876859012492564,0.014544913741820344,0.012450922070196312,0.01274241522903034,0.013545508625817965,0.015234979179060084,0.017590719809637122,0.025199286139202855,0.033920285544318855,0.025550267697798928,0.019904818560380726,0.016508030933967875,0.014574657941701367,0.013194527067221892,0.012093991671624033,0.013676383105294468,0.016930398572278405,0.02189767995240928,0.021826293872694826,0.015121951219512195,0.24290898274836406,0.2910232004759072,venetum
0.037060546875,0.016015625,0.02404296875,0.030029296875,0.033564453125,0.039248046875,0.0459765625,0.060078125,0.077841796875,0.06603515625,0.051435546875,0.04341796875,0.0341796875,0.03130859375,0.02458984375,0.015107421875,0.224365234375,0.145703125,0.036904296875,0.01091796875,0.016181640625,0.016640625,0.0158984375,0.01564453125,0.0164453125,0.017353515625,0.02076171875,0.024501953125,0.02833984375,0.03955078125,0.05169921875,0.04076171875,0.032861328125,0.02771484375,0.023076171875,0.019990234375,0.01625,0.01470703125,0.015107421875,0.016123046875,0.014814453125,0.010263671875,0.21927734375,0.238212890625,flavigenum
0.04708523220486111,0.019259982638888888,0.028516981336805556,0.031026204427083332,0.027655707465277776,0.030598958333333332,0.03579372829861111,0.05201551649305555,0.06778971354166667,0.05485704210069445,0.038920084635416664,0.032511393229166664,0.029595269097222224,0.03211805555555555,0.029398600260416668,0.0191650390625,0.24848768446180555,0.1752048068576389,0.051459418402777776,0.015462239583333334,0.020928276909722224,0.020338270399305556,0.014614529079861112,0.011223687065972222,0.011040581597222222,0.011420355902777778,0.013420952690972222,0.015150282118055556,0.019327799479166668,0.030225965711805556,0.04029676649305555,0.029303656684027776,0.021436903211805556,0.017144097222222224,0.013414171006944444,0.011773003472222222,0.011027018229166666,0.011928982204861112,0.015082465277777778,0.019612630208333332,0.0213623046875,0.014112684461805556,0.2480400933159722,0.2908528645833333,polonicum
0.02580054012345679,0.011654449588477367,0.017548653978052126,0.024225180041152265,0.026598936899862827,0.036785193758573385,0.049088005829903976,0.07017318244170095,0.08428176440329219,0.07570837620027435,0.05603780864197531,0.04293659979423868,0.03181798696844993,0.02682934670781893,0.019708076131687242,0.010523834019204389,0.27744020061728397,0.11284186385459534,0.028560099451303157,0.007930384087791495,0.011595507544581619,0.01416752400548697,0.014831961591220851,0.01505701303155007,0.015196330589849108,0.018020190329218106,0.021535279492455418,0.0268025548696845,0.033618398491083674,0.04386895576131687,0.05203510802469136,0.04630701303155007,0.03641010802469136,0.029583547668038408,0.024305555555555556,0.020410022290809328,0.01649841392318244,0.016064386145404664,0.014955204046639232,0.014001414609053497,0.011729466735253772,0.007292738340192044,0.27349108367626884,0.18573173868312756,harmonense
0.0441522491349481,0.01833910034602076,0.029792387543252596,0.030761245674740485,0.02920415224913495,0.03003460207612457,0.036193771626297576,0.07079584775086505,0.10747404844290658,0.0756401384083045,0.04086505190311419,0.03207612456747405,0.029134948096885813,0.031003460207612455,0.027647058823529413,0.01750865051903114,0.1910726643598616,0.1583044982698962,0.047231833910034604,0.014567474048442906,0.02179930795847751,0.020726643598615917,0.016920415224913495,0.013910034602076125,0.011314878892733565,0.01124567474048443,0.013114186851211072,0.01726643598615917,0.02463667820069204,0.04820069204152249,0.0704152249134948,0.04608996539792388,0.02671280276816609,0.017993079584775088,0.01370242214532872,0.01384083044982699,0.012422145328719722,0.01328719723183391,0.017820069204152248,0.019377162629757784,0.018858131487889274,0.011487889273356401,0.18878892733564015,0.2682698961937716,freii
0.042321560650887574,0.02020155325443787,0.027736686390532544,0.027551775147928993,0.022928994082840236,0.030117418639053255,0.04049556213017751,0.06520432692307693,0.09495192307692307,0.06924926035502958,0.044540495562130175,0.03314534023668639,0.025679548816568046,0.0266041050295858,0.027621116863905327,0.0191614275147929,0.2101516272189349,0.17233727810650887,0.03977903106508876,0.01483912721893491,0.018999630177514795,0.016503328402366863,0.012735761834319527,0.009985207100591717,0.009106878698224852,0.01104844674556213,0.014053254437869823,0.01941568047337278,0.02891549556213018,0.050272744082840236,0.0695266272189349,0.0485623150887574,0.03157359467455621,0.02246671597633136,0.01372965976331361,0.012458394970414201,0.010285687869822485,0.010401257396449703,0.012342825443786983,0.0163646449704142,0.01719674556213018,0.01305935650887574,0.19931120562130178,0.27706638313609466,mononematosum
0.02209795918367347,0.013485714285714285,0.014187755102040817,0.018995918367346938,0.01533061224489796,0.025534693877551022,0.04124897959183674,0.08780408163265306,0.11103673469387755,0.08896326530612245,0.05058775510204082,0.04153469387755102,0.024857142857142855,0.027322448979591837,0.021983673469387757,0.014481632653061224,0.2410122448979592,0.13953469387755102,0.021281632653061225,0.011126530612244898,0.00966530612244898,0.008759183673469388,0.0074285714285714285,0.008522448979591837,0.007395918367346939,0.010408163265306122,0.015273469387755102,0.023387755102040816,0.04066938775510204,0.06888163265306123,0.08440816326530612,0.06621224489795918,0.04286530612244898,0.02763265306122449,0.017910204081632655,0.015126530612244898,0.009959183673469388,0.010767346938775511,0.01266938775510204,0.01436734693877551,0.013616326530612245,0.008,0.22319183673469387,0.2204734693877551,Eupenicillium egyptiacum
0.02576779454351471,0.014031778692272519,0.016537113244932174,0.024015012955342172,0.021909769852156685,0.03325522024081695,0.044867398262459994,0.07806546258192348,0.0887631458619113,0.07918952903520805,0.05345983843926231,0.04541990550221003,0.03012117055326932,0.029654397195549458,0.023224356043286085,0.014927221460143272,0.2332533150434385,0.143537570492303,0.02546296296296296,0.011202560585276635,0.010802469135802469,0.010507163542142966,0.010773891175125743,0.01253619875019052,0.011612178021643042,0.014670019814052736,0.019623532998018594,0.026348879743941473,0.03789437585733882,0.055908017070568514,0.06701531778692273,0.05360272824264594,0.0399519890260631,0.029254305746075293,0.021109586953208352,0.018632830361225424,0.013403063557384545,0.014079408626733729,0.014679545800944977,0.015432098765432098,0.01417466849565615,0.008687700045724738,0.21744970278920897,0.2251848041457095,nalgiovense
0.04128161954734122,0.01623071501292192,0.024169864515623776,0.026935351241287493,0.025016641867021693,0.027160505912757458,0.03232927402302451,0.04109562221003994,0.051849205106116375,0.043420588926305896,0.03300473803743441,0.028349909938131412,0.02535926854099773,0.028227543268854256,0.026093468556660664,0.01733201503641632,0.3562436369331976,0.15590003132586733,0.04222139556738977,0.01277018560576396,0.017062808364006577,0.017239016367765682,0.013445649620173859,0.011683569582582818,0.010582269559088418,0.01113536690422116,0.012270929595113165,0.013988957631764429,0.017155807032657216,0.021756793797478267,0.02884427128201112,0.02287277782128593,0.017767640379042996,0.015070678988174485,0.01231498159605294,0.011287101574124834,0.01031795755344976,0.011615044247787611,0.013313493617354531,0.01695512569504268,0.017655063043308012,0.012642924269715718,0.3525090061868588,0.25552118411778524,roqueforti
0.048230585784380914,0.019325128148899428,0.029309777692497464,0.030659795509991504,0.026369891176228722,0.027987171404292646,0.033661357967160986,0.04876511060552068,0.06694580740659521,0.050930621419368986,0.03736191442120556,0.0305090320989008,0.028823223047613828,0.03124229050738741,0.030988733861462132,0.01935939256051095,0.26820810833036374,0.17132205805761905,0.05046462542145226,0.015316191990351141,0.021106877552698664,0.019811682793783064,0.01522710452016118,0.01103999342123297,0.00991612072037499,0.0109372001863984,0.012300923768537047,0.014411611523806914,0.018242372741975276,0.027795290699268112,0.04069926811216798,0.028754694224390778,0.02042158932046819,0.015466955401441846,0.012581891943751542,0.011588224007017351,0.01043693977687015,0.012067925769578684,0.015288780461061923,0.0204421479674351,0.021154847728954797,0.01479537293385598,0.26619336092760615,0.2835380060853595,polonicum
0.03070111772390768,0.012565321527072144,0.019650892727536652,0.025130643054144287,0.030283785745391204,0.040807809551458844,0.0563761068369865,0.07818623893163014,0.09417186819567426,0.08157932936565539,0.058408332123675424,0.04602445928291479,0.03421214980403542,0.028460226447960518,0.02008636957468428,0.011413122368994048,0.2148896791987226,0.11705254753955581,0.036797793583974454,0.010161126433444622,0.014180214835244592,0.01655719262592539,0.016883800261286108,0.01690194512991726,0.016466468282769632,0.019496661344171867,0.022136739730004355,0.027825156045870228,0.0343663811874002,0.04608796632312382,0.056394251705617654,0.047566773116562634,0.0347383509943388,0.029367469879518073,0.023579256786180867,0.020458339381622878,0.01845333139788068,0.018353534620409347,0.016856582958339382,0.017056176513282045,0.013517927130207578,0.00883655102337059,0.2148896791987226,0.20207032951081433,radicicola
0.048320990446039915,0.01947538017977274,0.02842161795466109,0.03073944259144101,0.029849058737068234,0.0332409972299169,0.0390355588218667,0.05370569280343716,0.0701283283396461,0.058468539770478827,0.04306348578212448,0.03530442647973317,0.030852507207869296,0.030725309514387473,0.02907173949912375,0.01762394708575951,0.2231754197523885,0.17879755780428516,0.047501271976934815,0.014486403979874498,0.018796992481203006,0.017934874780937304,0.014825597829159364,0.012861100118717847,0.012027248572559218,0.013002430889253208,0.014076544745321952,0.01820340324495449,0.024252360223867942,0.03345299338571994,0.04796766351970151,0.03745265419187065,0.026810447170557975,0.02037989711119905,0.015645316298264458,0.01411894397648256,0.013384023969698683,0.013977613205947198,0.0148397309062129,0.01727062015942111,0.018161004013793884,0.013002430889253208,0.21743739046865285,0.28813104189044036,dipodomyicola
0.01699674211248285,0.009280692729766804,0.012902949245541839,0.016739540466392318,0.019354423868312758,0.031142832647462277,0.04912551440329218,0.10948216735253773,0.17455418381344306,0.1164909122085048,0.057484567901234566,0.03830161179698217,0.02456275720164609,0.020876200274348423,0.013674554183813444,0.008058984910836762,0.19330847050754457,0.08766289437585734,0.019354423868312758,0.00636574074074074,0.009152091906721536,0.009559327846364884,0.010952503429355281,0.011616941015089163,0.012088477366255145,0.014724794238683128,0.02156207133058985,0.02880658436213992,0.04338134430727023,0.0874485596707819,0.13147290809327847,0.08590534979423868,0.048268175582990396,0.032343106995884774,0.02310528120713306,0.01830418381344307,0.013438786008230452,0.011659807956104253,0.009645061728395061,0.010845336076817558,0.008959190672153635,0.004993998628257888,0.1865354938271605,0.1395104595336077,Eupenicillium crustaceum
0.05135044213763937,0.019992310649750097,0.029579969242599,0.03183871587850826,0.026624375240292195,0.026648404459823145,0.03275182622068435,0.05663687043444829,0.08482314494425221,0.05658881199538639,0.03390522875816993,0.031862745098039214,0.03037293348712034,0.03364090734332949,0.030685313341022685,0.02049692425990004,0.20900615148019994,0.19319492502883506,0.05776624375240292,0.01770953479430988,0.021121683967704728,0.01977604767397155,0.01453767781622453,0.011341791618608228,0.00860246059207997,0.008818723567858516,0.008914840445982314,0.010909265667051134,0.018214148404459823,0.037966166858900426,0.05555555555555555,0.03371299500192234,0.01773356401384083,0.012206843521722414,0.011365820838139177,0.010068242983467897,0.00985198000768935,0.012375048058439062,0.016580161476355246,0.022635524798154557,0.020833333333333332,0.015450788158400616,0.20684352172241446,0.3191080353710111,glandicola
0.029209217952163396,0.014948938457403924,0.021986697124428918,0.023817522171459285,0.024674146734748725,0.029813894114485352,0.03861529158828272,0.08441951088417092,0.16722655200214995,0.08578003224939533,0.03587745229776942,0.0263538027411986,0.021348427841977963,0.025362805697393173,0.02459016393442623,0.016410239183015318,0.20501881214727224,0.12454649287825853,0.032064633163128194,0.012026337006181134,0.01543603869927439,0.016225477022305833,0.01431066917495297,0.012463047567858102,0.014193093254501478,0.015100107497984412,0.01763638806772373,0.022154662725073906,0.028705321150228433,0.06520424617038431,0.10758196721311475,0.06300389680193497,0.029041252351518408,0.01820747110991669,0.013000537489922064,0.011707202364955658,0.00957403923676431,0.01069940876108573,0.01404192421392099,0.017821150228433218,0.018392233270626175,0.011320881483472186,0.19704044611663532,0.21304756785810267,entromorphobium
0.04251506574141709,0.016971785975164355,0.02731236303871439,0.031192932797662526,0.030177136596055514,0.03288212198685172,0.043325420014609206,0.061575511322132945,0.08164033966398831,0.06676862673484295,0.04471785975164354,0.03505067567567568,0.0299945215485756,0.03211742147552958,0.029138513513513514,0.016971785975164355,0.22030222790357926,0.15734569028487946,0.04689782688093499,0.012623265157048941,0.01914033966398831,0.01956263696128561,0.017222881665449233,0.013136869978086194,0.012109660336011687,0.012531957633308985,0.015339663988312637,0.019665357925493062,0.025691654492330167,0.038680149744338935,0.051839846603360114,0.040300858290723156,0.028339572680788898,0.02016754930606282,0.01643535427319211,0.013992878013148283,0.012315102264426588,0.012817293644996348,0.016412527392257122,0.019779492330168007,0.01951698319941563,0.012691745799853908,0.21851031775018262,0.26427821402483564,nalgiovense
0.024034613304488913,0.010708491076257437,0.016360194699837752,0.02443482963764197,0.027166035694970253,0.04055164954029205,0.054391563007030824,0.08032990805840995,0.09467820443482963,0.08630070308274743,0.0630881557598702,0.048171984856679284,0.03295294753921038,0.02787452677122769,0.019275283937263386,0.010865332612222823,0.22926987560843698,0.10954570037858302,0.026019469983775013,0.007906976744186046,0.011070849107625744,0.012655489453758788,0.013991346673877771,0.015981611681990266,0.016322336398053,0.020427257977285018,0.025489453758788534,0.032520281233098976,0.03962141698215251,0.051151974040021635,0.0601460248783126,0.05359113034072471,0.043526230394808005,0.03528393726338561,0.02830178474851271,0.02300703082747431,0.01773391022174148,0.01693347755543537,0.01515413737155219,0.0143374797187669,0.011076257436452136,0.0068090859924283395,0.22339643050297459,0.17754461871281774,harmonense
0.04434291857027681,0.01828212248798113,0.02667293738242408,0.02726268326913315,0.02602347039326346,0.030898205380871333,0.04148377079040879,0.06103496670548538,0.08273612230881783,0.06380453283167607,0.0424542387052465,0.03245841918241811,0.02696407775687539,0.028919943862163695,0.02783749888022933,0.01769237660127206,0.23530114365911195,0.16583057123234496,0.04167039923556989,0.013780644390695452,0.018565797724625997,0.015467765534951775,0.01213084893547135,0.011212636985278749,0.011361939741407626,0.013280480157663711,0.016162023350951057,0.020991967511720267,0.027986801636358208,0.04378303323479352,0.05775777120845651,0.0423347965003434,0.02848696586938995,0.021089014303204038,0.015602138015467766,0.012474245274567768,0.010495983755860134,0.011339544327988295,0.013250619606437935,0.016990653647466332,0.018252261936755353,0.012735525097793306,0.22906028845292484,0.2637358535638568,expansum
0.029147383410466358,0.012637949448202207,0.02040316838732645,0.02340690637237451,0.025053399786400855,0.030771626913492348,0.04269757920968316,0.09006763972944108,0.15739587041651834,0.08906639373442506,0.048037557849768604,0.03588910644357422,0.02736739053043788,0.025275898896404414,0.01986917052331791,0.011414204343182627,0.19637771448914204,0.11512103951584193,0.031372374510501955,0.009856710573157708,0.013550195799216803,0.014529191883232467,0.013639195443218228,0.011480954076183695,0.011480954076183695,0.013928444286222854,0.016064435742257032,0.02151566393734425,0.03208437166251335,0.07478195087219651,0.12557849768600926,0.06312299750800997,0.03533285866856532,0.023006407974368103,0.01873442506229975,0.014373442506229975,0.013194197223211107,0.01257119971520114,0.013149697401210395,0.01417319330722677,0.012815948736205056,0.007631719473122108,0.19121573513705944,0.19081523673905304,thymicola
0.048060486522024985,0.019710716633793555,0.028652202498356344,0.02918474687705457,0.02539776462853386,0.027429322813938197,0.0338198553583169,0.04840894148586456,0.06424063116370808,0.050788954635108484,0.03554898093359632,0.02894148586456279,0.027284681130834976,0.030381328073635767,0.02900723208415516,0.0195069033530572,0.2794017094017094,0.17423405654174884,0.05007232084155161,0.01601577909270217,0.02022353714661407,0.018994082840236685,0.013800131492439185,0.010427350427350428,0.009763313609467455,0.010644312952005259,0.011860618014464168,0.013925049309664695,0.01806706114398422,0.027718606180144642,0.0385207100591716,0.028001314924391847,0.01930966469428008,0.01668639053254438,0.013037475345167653,0.011203155818540434,0.010118343195266272,0.010565417488494412,0.013675213675213675,0.018625904010519397,0.02007232084155161,0.01534516765285996,0.27659434582511505,0.28673241288625906,polonicum
0.018197036394072788,0.008711017422034844,0.013934527869055737,0.01813503627007254,0.02152954305908612,0.034518569037138076,0.056358112716225435,0.10529171058342117,0.1390507781015562,0.10916671833343666,0.061178622357244715,0.043601587203174405,0.027001054002108005,0.023265546531093063,0.017623535247070495,0.010633021266042533,0.19911339822679644,0.09269018538037076,0.01650753301506603,0.006541013082026164,0.008649017298034595,0.008261516523033046,0.008711017422034844,0.011516523033046067,0.011764523529047059,0.016337032674065347,0.02342054684109368,0.03521607043214087,0.0543741087482175,0.0848006696013392,0.10515221030442061,0.08058466116932234,0.051723603447206896,0.03341806683613367,0.022754045508091018,0.019809039618079238,0.01488002976005952,0.013144026288052576,0.012152024304048608,0.011423522847045694,0.00914501829003658,0.0053785107570215145,0.18536487072974145,0.14897079794159587,nordicum
0.05522140541075716,0.024405336501571742,0.033538773792727905,0.0284584539986634,0.020024256825326107,0.02120615826340932,0.02809336402564293,0.04532684834533798,0.06226949827974555,0.048000049503725155,0.030618054008564145,0.021193782332120492,0.020593549664612264,0.028910175490705677,0.03457216405534516,0.025370659142100443,0.26438702012326426,0.20781045023638028,0.05598871315066459,0.019541595505061755,0.0236318407960199,0.018545333036310983,0.010420534145194426,0.007017153040766317,0.006039454468948788,0.006583995445657286,0.008100047028538898,0.011955149625009282,0.017412935323383085,0.0272827405262246,0.04145936981757877,0.028582213311551693,0.01868765624613252,0.012821464815227345,0.008570332417514419,0.0065901834113017005,0.005810499740105443,0.006454048167124576,0.009931684859285661,0.018068859681691047,0.02343382589539863,0.019015618425286502,0.2608908195341699,0.32716393158585183,olsonii
0.0422633778246582,0.01908799545620512,0.024777881455637144,0.027029494097123616,0.0251227230313603,0.02851028439287598,0.03767901334739746,0.06907988153677634,0.10519696539413363,0.06682826889528987,0.037111038987382855,0.028277009209298553,0.024453324678485943,0.027861170838573573,0.02906811635360461,0.019605257819789848,0.2244310114000568,0.16361718528135016,0.039159803643149825,0.013286543064627369,0.016846525214004624,0.01695809160615035,0.014057365410361474,0.01235344233031766,0.012231733538885958,0.013702381435352348,0.014919469349669357,0.019037283459775244,0.02598482697066818,0.04773013103979878,0.07494218832406994,0.04633047993833421,0.023763641527039636,0.017647774757596657,0.013884944622499899,0.011846322366018906,0.009726560915250112,0.011227636009574425,0.014392064586798653,0.01861130268976429,0.018692441884052093,0.013641527039636496,0.21586068400340785,0.26316483427319565,sclerotigenum
0.05270233196159122,0.02353909465020576,0.03197530864197531,0.030260631001371743,0.024238683127572016,0.02403292181069959,0.03008230452674897,0.05083676268861454,0.08314128943758574,0.05477366255144033,0.030041152263374487,0.02561042524005487,0.02492455418381344,0.030054869684499313,0.030891632373113855,0.02290809327846365,0.23080932784636488,0.1991769547325103,0.05097393689986283,0.017448559670781894,0.022537722908093277,0.019204389574759947,0.0148559670781893,0.01,0.00823045267489712,0.008079561042524006,0.009382716049382716,0.01167352537722908,0.017037037037037038,0.03519890260631001,0.060027434842249656,0.03440329218106996,0.017434842249657065,0.01262002743484225,0.010013717421124828,0.008847736625514403,0.008024691358024692,0.00991769547325103,0.01260631001371742,0.019272976680384087,0.02196159122085048,0.016488340192043895,0.2233744855967078,0.3203840877914952,griseofulvum
0.029285318047337278,0.01335983727810651,0.017843934911242604,0.021981323964497042,0.023946005917159764,0.029816937869822487,0.04398576183431953,0.09203957100591716,0.17120469674556213,0.09918176775147929,0.04516457100591716,0.03217455621301775,0.023391272189349114,0.0226978550295858,0.02124167899408284,0.01116401627218935,0.183385724852071,0.1181351701183432,0.030117418639053255,0.009176220414201183,0.01190366124260355,0.012412167159763314,0.01305935650887574,0.01324426775147929,0.011741863905325443,0.014076368343195266,0.015971708579881658,0.023113905325443787,0.03617326183431953,0.07881841715976332,0.12941475591715976,0.07620654585798817,0.03393121301775148,0.023691752958579882,0.01513960798816568,0.01544008875739645,0.012342825443786983,0.011996116863905325,0.01275887573964497,0.01421505177514793,0.012527736686390532,0.008552144970414201,0.1729844674556213,0.19099019970414202,expansum
0.03780169428312643,0.014531940966487293,0.02398902445521871,0.027052586712131708,0.02661303212744419,0.03019606798444243,0.0377217752677287,0.07533699184826043,0.12938888592892536,0.0786935904949651,0.042663434386488355,0.032966593851563745,0.02902392242527572,0.026519793276146838,0.02405562363471682,0.013679471468911504,0.20917470296765944,0.1405908679205072,0.03940007459108104,0.012294208535350844,0.015957163407746815,0.01706270978741542,0.015211252597368,0.01265384410464063,0.011814694442964463,0.013306516063722094,0.014851617028078214,0.0175422238798018,0.026026959347860833,0.058074484522350686,0.09397144227183121,0.05662262240929192,0.026586392455644946,0.018261495018381372,0.016290159305237358,0.013825989663807341,0.012467366402045927,0.013532953274015665,0.014372102935691832,0.01666311471042677,0.01535777079226384,0.009896638073418935,0.20411316532580318,0.23384303905375886,freii
0.0375091865000848,0.018373000169596924,0.022174797896998135,0.024930747922437674,0.02128441404262536,0.028647747187517666,0.037212391881960544,0.07152750296794617,0.0996099270733224,0.07340720221606649,0.043134151167392165,0.03199728644920572,0.02573633331448923,0.028068291028322687,0.026711515631183222,0.016818361693707953,0.22610096670247046,0.1667561761546724,0.0318700887557239,0.013016563966306745,0.014783198597998756,0.013256826276216858,0.009794222398100514,0.009695290858725761,0.010105150093278309,0.01223924472836226,0.015433320142461416,0.020973486347447567,0.03232234722143705,0.05923172593136978,0.07712420148114647,0.05196732432585222,0.03554468878964328,0.023771835604047713,0.01712928938888575,0.014641867827463396,0.010840070100062186,0.01154672395273899,0.012013115495505681,0.014429871671660354,0.014783198597998756,0.011094465487025836,0.2112753688733111,0.2511165130872294,percisinum
0.020289376944104064,0.009190310114054105,0.014586671693844849,0.01729663493260439,0.020407201432745783,0.029173343387689697,0.04748326892261288,0.10344990102742954,0.17911678763314168,0.1062776887548308,0.05992553492317843,0.039895371854086155,0.024389669148835894,0.02003016306909228,0.015906305966632103,0.009119615420869073,0.1912762748609671,0.09218587991328117,0.019888773682722218,0.007682156659440098,0.01032142520501461,0.009873692148176077,0.01105193703459327,0.012253746818738807,0.011593929682345178,0.014563106796116505,0.01795645206899802,0.026345555660288435,0.041544914695070226,0.08431520407201433,0.13712413988123293,0.08132246206051466,0.04677632199076256,0.03294372702422471,0.02349420303515883,0.019417475728155338,0.01373833537562447,0.01258365538693562,0.010604203977754736,0.010604203977754736,0.009213875011782448,0.0052314072956923365,0.18279291167876333,0.14676218305212554,Eupenicillium crustaceum
0.047675455057234,0.0190701820228936,0.02808922874835804,0.029215143554137738,0.026928129104897728,0.02925032839181835,0.03643976355789079,0.052613060611747045,0.06839932445111653,0.055697598048414336,0.03966504034528054,0.03506755488834678,0.029625633327078252,0.03153734284105836,0.028945393131919683,0.019410302120472886,0.23502298742728467,0.18734753237005067,0.04691311690748733,0.014507881403640458,0.018530681178457496,0.017357853255770314,0.014003565396884968,0.012244323512854195,0.010790016888722087,0.010848658284856446,0.012338149746669169,0.016255395008444362,0.02195533871270407,0.034563238881591296,0.04927050103208857,0.03605273034340402,0.02545036592231188,0.018120191405516982,0.014531337962094201,0.013593075623944455,0.011587539876149371,0.012385062863576657,0.015047382248076563,0.018319572152373804,0.01835475699005442,0.013229498967911427,0.22610949521486207,0.29764027021955336,dipodomyicola
0.0437447168216399,0.01997796159884072,0.02720082115686511,0.02659702934428209,0.023472406714164958,0.024951696654993357,0.033623656563217,0.054122388600410576,0.07933069677575172,0.05746588576258906,0.03712564907619852,0.031095278348025602,0.026959304431831903,0.03086885641830697,0.029185786740731797,0.018808114961961116,0.2560228233305156,0.17944692669967396,0.04384283299118464,0.0148079942035986,0.018747735780702813,0.016385400313971742,0.012521132713440407,0.009826711749788672,0.009132351165318199,0.010030491486535443,0.012007909672744838,0.015404238618524333,0.02227991788431349,0.03617467697138027,0.05365444994565874,0.03744263977780461,0.023510143702451396,0.016694843617920542,0.013238135490882744,0.011411665257819104,0.010090870667793744,0.011215432918729623,0.015268385460693153,0.018445839874411302,0.020430805458277985,0.013245682888540031,0.24473946383287043,0.28945024755464316,expansum
0.039325355532431494,0.01737917678344317,0.024056249277373105,0.028261937796277028,0.028052375997225112,0.03218580182680079,0.041052433807376575,0.05808474968204417,0.07286246964967048,0.06151722742513585,0.04707191582841947,0.03915192507804371,0.03133310209272748,0.03136200716845878,0.026549312059197597,0.01531969013758816,0.24381431379350213,0.1626199560642849,0.04311192045323159,0.013115678113076656,0.017415308128107296,0.017386403052375998,0.015579835819169847,0.013520349173314834,0.01222684703433923,0.013209619609203376,0.01530523759972251,0.01872326280494855,0.024301942421089143,0.03605908197479477,0.04543155278066829,0.037909006821597875,0.027250260145681583,0.021657127991675337,0.01659151346976529,0.01478494623655914,0.011916117470227772,0.013607064400508729,0.01654092958723552,0.018607642502023354,0.01806567233206151,0.011431957451728524,0.23927621690368828,0.26697450572320497,hordei
0.028037167159763312,0.012851331360946745,0.01678069526627219,0.021033653846153848,0.022143121301775148,0.03538738905325444,0.052838387573964495,0.08757858727810651,0.11751109467455621,0.09384245562130178,0.05598187869822485,0.03753698224852071,0.026580991124260354,0.02445451183431953,0.019438794378698224,0.011187130177514793,0.21761741863905326,0.11919840976331361,0.028776812130177513,0.009869637573964496,0.011580066568047337,0.011302699704142011,0.010355029585798817,0.010747965976331361,0.011441383136094675,0.014353735207100591,0.020941198224852072,0.02967825443786982,0.04301497781065089,0.06596708579881656,0.08984375,0.06335521449704141,0.043870192307692304,0.030071190828402365,0.01939256656804734,0.015601886094674557,0.012134800295857989,0.011580066568047337,0.011834319526627219,0.012481508875739645,0.011834319526627219,0.006333210059171598,0.21128420857988164,0.1923539201183432,radicicola
0.042872286422407355,0.01643076831198304,0.02550837588461883,0.029972528292872287,0.03074143748693601,0.03481740272925438,0.042051121263698525,0.053972946340589446,0.07026187703425005,0.0592358684941324,0.04586580668279137,0.03820657529337992,0.033488608199707365,0.03248081459583744,0.026217563976231,0.016087371972886618,0.23883961897936637,0.16294902803905761,0.04740362507091881,0.012810176475857745,0.017662516050046283,0.018715100480754875,0.01597539490578996,0.01396727283585655,0.013131177401534832,0.014131505867598315,0.015654393980112872,0.01874496103198065,0.02271641434500881,0.032816745797127414,0.04229000567350473,0.03377974857415868,0.026493774075069424,0.02176087670578399,0.016706978410821464,0.015124369195855355,0.013616411358953686,0.013855295768759891,0.016236674729015497,0.018759891307593538,0.017259398608498313,0.01259368747947087,0.23623428588491743,0.27155931798501,hordei
0.0419543063773833,0.017422748191978962,0.02732577251808021,0.031393819855358315,0.028476331360946745,0.03143491124260355,0.04129684418145957,0.06989644970414201,0.11427514792899408,0.07527942143326759,0.04606344510190664,0.03558514135437212,0.029298159105851415,0.03299638395792242,0.027120315581854043,0.01594345825115056,0.18560979618671927,0.1486275476660092,0.04499506903353057,0.01438198553583169,0.019189677843523996,0.0210387902695595,0.01886094674556213,0.015080539119000657,0.012121959237343853,0.013642340565417488,0.014833990795529257,0.0196827744904668,0.025353385930309006,0.04935075608152531,0.07306048652202499,0.04762491781722551,0.026709401709401708,0.0220249835634451,0.01729947403024326,0.014340894148586456,0.013683431952662722,0.01462853385930309,0.01787475345167653,0.020504602235371466,0.01725838264299803,0.010231755424063117,0.18470578566732412,0.25152038132807364,freii
0.022369701557093426,0.00927227508650519,0.01607104238754325,0.02213992214532872,0.02624891868512111,0.03533196366782007,0.05393057958477509,0.09726427335640138,0.1397329152249135,0.10369809688581315,0.0598507785467128,0.04180633650519031,0.028195285467128028,0.023302335640138408,0.016233239619377164,0.008677551903114186,0.2023004974048443,0.09357428633217993,0.027208585640138408,0.00815041089965398,0.010340073529411764,0.012394571799307958,0.013584018166089966,0.014678849480968858,0.015097858996539792,0.017638948961937715,0.022369701557093426,0.029857807093425604,0.042225346020761244,0.07044766435986159,0.09142517301038063,0.06985294117647059,0.044509623702422146,0.031074286332179932,0.02312662197231834,0.018963559688581315,0.01577368079584775,0.0149626946366782,0.013570501730103806,0.012394571799307958,0.010569852941176471,0.006095912629757785,0.2012056660899654,0.1624810769896194,mononematosum
0.04323738591618082,0.018535758981716065,0.0264872867128598,0.02818900521962089,0.026739110527761668,0.029791520405360032,0.03737675895119197,0.06165867952748695,0.09302982204450413,0.06722169652940997,0.04053600317450627,0.031371142517017184,0.027914288330637037,0.029074204084124415,0.02802112267635298,0.018482341808858094,0.22922835078294312,0.16310552180946858,0.04284057263209304,0.014117395683892434,0.018573914105186044,0.016414334116785202,0.013079576325508989,0.010637648423430299,0.011263392448337963,0.012438570251213333,0.015414669881871738,0.01947437501907756,0.024991605872836605,0.04252006959494521,0.06419981075058759,0.04505356979335185,0.028707914898812612,0.020397729007051068,0.015445193980647722,0.012827752510607124,0.010553707151796344,0.011377857818747901,0.012919324806935075,0.017085864289856843,0.017383474252922682,0.012789597387137145,0.22505418027532736,0.2644378987210403,expansum
0.044342053111375346,0.01729092350376536,0.026233650416171223,0.027612630466376006,0.025787752675386445,0.03145230545646717,0.039461950059453035,0.06273120623596248,0.08855198837362928,0.06614149821640904,0.044176905799973576,0.033467102655568765,0.027686946756506806,0.02833102127097371,0.026663033425815826,0.017596446029858635,0.2302979257497688,0.1621746597965385,0.04222816752543269,0.012831946095917559,0.01695237151539173,0.01582936979785969,0.012716342977936319,0.011130928788479324,0.011271304003170828,0.012575967763244815,0.015589906196327124,0.019231404412736162,0.028537455410225922,0.04572103316158013,0.062120161183775925,0.046422909235037654,0.03066785572730876,0.02152695204122077,0.01657253269916766,0.013806315233188003,0.011510767604703395,0.01142819394900251,0.012534680935394373,0.016324811732065,0.016630334258158276,0.012014466904478795,0.22343605496102523,0.26038776588717133,expansum
0.025928730867346938,0.011439732142857142,0.01692044005102041,0.02317841198979592,0.02734375,0.037986288265306124,0.05119977678571429,0.08476163903061225,0.11543367346938775,0.09012276785714286,0.06036750637755102,0.04627710459183673,0.031210140306122448,0.025430484693877552,0.019511320153061226,0.012177136479591837,0.2047393176020408,0.11597177933673469,0.024872448979591837,0.008589764030612245,0.011858258928571428,0.01229671556122449,0.012775031887755101,0.013771524234693877,0.013592155612244899,0.018036511479591837,0.02272002551020408,0.030612244897959183,0.04045758928571429,0.06606744260204081,0.08651546556122448,0.06419403698979592,0.044822225765306124,0.03493702168367347,0.02560985331632653,0.020268654336734693,0.015405771683673469,0.01385124362244898,0.014050542091836735,0.01287468112244898,0.01167889030612245,0.006018813775510204,0.1947345344387755,0.17938855229591838,spinulosporum
0.04096720041322314,0.019402117768595042,0.02827995867768595,0.02737603305785124,0.023986311983471075,0.02550361570247934,0.03512396694214876,0.06521177685950413,0.11014979338842976,0.07205578512396695,0.03996642561983471,0.033961776859504134,0.028538223140495866,0.032444473140495866,0.030894886363636364,0.018143078512396695,0.20096203512396693,0.16703254132231404,0.04283961776859504,0.01659349173553719,0.019854080578512397,0.017981663223140498,0.015140754132231406,0.012202995867768594,0.010104597107438017,0.010233729338842975,0.012461260330578513,0.015076188016528925,0.021758780991735536,0.04593879132231405,0.07605888429752067,0.048101756198347105,0.02443827479338843,0.020596590909090908,0.013784865702479339,0.014269111570247933,0.013074638429752067,0.01368801652892562,0.017142303719008264,0.02046745867768595,0.02033832644628099,0.012913223140495868,0.1875,0.27744059917355374,freii
0.025267538644470868,0.011444708680142687,0.019247919143876337,0.018133174791914387,0.023558263971462545,0.034705707491082045,0.05618311533888228,0.11140011890606422,0.1583680142687277,0.10582639714625446,0.059527348394768136,0.03812425683709869,0.025936385255648037,0.021997621878715814,0.0178359096313912,0.012559453032104637,0.15680737217598098,0.10307669441141498,0.025564803804994055,0.008695005945303211,0.013748513674197384,0.012336504161712248,0.011221759809750298,0.010329964328180737,0.012039239001189061,0.017315695600475623,0.020808561236623068,0.032550535077288945,0.04956896551724138,0.08821343638525565,0.12284482758620689,0.07550535077288942,0.045704518430439954,0.030692627824019023,0.02125445897740785,0.017315695600475623,0.012113555291319857,0.01025564803804994,0.01226218787158145,0.01248513674197384,0.011073127229488704,0.006985731272294887,0.14751783590963138,0.17159631391200952,Eupenicillium tularense
0.04187669010275825,0.0156625202812331,0.024310438074634937,0.030600324499729582,0.03210924824229313,0.03731206057328285,0.0416873985938345,0.05216873985938345,0.06283937263385614,0.05523526230394808,0.04574364521362899,0.040827474310438074,0.03560843699296917,0.032157923201730665,0.026127636560302866,0.014878312601406166,0.2604218496484586,0.1504326663061114,0.046100594916170905,0.012633856138453218,0.017647376960519198,0.019026500811249323,0.018555976203353163,0.015981611681990266,0.015538128718226069,0.015803136830719308,0.016738777717685234,0.018642509464575446,0.02130881557598702,0.025657111952406705,0.03339102217414819,0.028545159545700378,0.023028664142779882,0.020751757706868577,0.01879394267171444,0.017533802055164954,0.016333153055705787,0.01656030286641428,0.018128718226068145,0.01964845862628448,0.0177934018388318,0.010832882639264468,0.25995673336938885,0.2550676041103299,hirsutum
0.052207986472424556,0.0209417273673257,0.030274453694068677,0.029168834547346513,0.024404916753381894,0.025201612903225805,0.030404526534859522,0.05654916753381894,0.0930183402705515,0.06028876170655567,0.032501951092611864,0.02642104578563996,0.024795135275754422,0.030892299687825184,0.030290712799167535,0.021283168574401663,0.22278225806451613,0.18857310093652446,0.05063085327783559,0.016242845993756503,0.021657127991675337,0.017332206035379813,0.014064125910509885,0.010096904266389178,0.008454734651404786,0.008763657648283038,0.00931646722164412,0.011413891779396461,0.02007999479708637,0.043574401664932365,0.06994667013527575,0.04194849115504683,0.019640998959417275,0.013576352757544225,0.01061719562955255,0.00949531737773153,0.009186394380853278,0.010340790842872009,0.013673907388137356,0.017673647242455775,0.02060028616024974,0.01492585848074922,0.21527055150884494,0.3014763267429761,griseofulvum
0.024801097393689988,0.01215363511659808,0.01654320987654321,0.021001371742112484,0.02279835390946502,0.031056241426611796,0.04821673525377229,0.08489711934156378,0.11041152263374486,0.08917695473251029,0.05554183813443073,0.043127572016460905,0.02972565157750343,0.026721536351165982,0.021838134430727022,0.01310013717421125,0.22769547325102882,0.12119341563786008,0.02281207133058985,0.00860082304526749,0.01122085048010974,0.010644718792866941,0.01083676268861454,0.010603566529492455,0.011330589849108367,0.0144718792866941,0.019684499314128943,0.028559670781893004,0.04174211248285322,0.06452674897119341,0.0817283950617284,0.06532235939643347,0.04322359396433471,0.030123456790123456,0.02233196159122085,0.018930041152263374,0.014266117969821674,0.014170096021947874,0.014279835390946502,0.014636488340192044,0.01262002743484225,0.007585733882030178,0.2113991769547325,0.19434842249657064,nordicum
0.026755058806340857,0.011907370881729856,0.018299364453210606,0.021732778143034554,0.0235955876981518,0.03312878953904595,0.04479874351669223,0.08231061436189642,0.11974943385199796,0.08530571992110454,0.053053546643290234,0.0442325955146468,0.03026152385126744,0.025604499963474324,0.021732778143034554,0.01358755204909051,0.21802176930382058,0.1259222733581708,0.024545255314486085,0.00843743151435459,0.010665497844985024,0.011633428300094967,0.011122068814376506,0.013843231791949741,0.012893564175615458,0.01566951566951567,0.01828110161443495,0.026225436481846737,0.038096281686025274,0.06658631017605376,0.08570750237416903,0.06393819855358317,0.03931989188399445,0.030097158302286507,0.02308422821243334,0.019851705749141645,0.014811162247059683,0.013751917598071444,0.015614727153188691,0.015030316312367594,0.01283877565928848,0.008254803126598,0.1990832054934619,0.2006172839506173,nordicum
0.022735573411249085,0.012737399561723886,0.01698319941563185,0.01985938641344047,0.019996347699050402,0.025840029218407598,0.03538166544923302,0.10879291453615778,0.21329437545653762,0.09267713659605552,0.04081446311176041,0.02739225712198685,0.022781227173119065,0.02410518626734843,0.017804967129291454,0.010911249086924762,0.17823228634039445,0.10966033601168736,0.025200876552227903,0.009724251278305332,0.01264609203798393,0.010682980277574873,0.010682980277574873,0.009495982468955442,0.009998173849525201,0.011596055514974434,0.013056975894813732,0.016800584368151936,0.029766252739225712,0.1097972972972973,0.1675036523009496,0.07523739956172389,0.026570489408327246,0.019265887509130754,0.013239590942293645,0.011093864134404675,0.010546018991964938,0.010135135135135136,0.011367786705624543,0.011733016800584369,0.010682980277574873,0.006756756756756757,0.17252556610664718,0.18389335281227173,Eupenicillium osmophilum
0.04273125,0.0169875,0.02659375,0.03103125,0.0293375,0.03276875,0.0394125,0.05915,0.086725,0.0621875,0.04079375,0.0343375,0.03031875,0.03208125,0.02865,0.01731875,0.23205,0.157525,0.0489,0.01298125,0.01971875,0.01995,0.016525,0.01443125,0.012125,0.0124375,0.013825,0.0169,0.02156875,0.0354125,0.05490625,0.03628125,0.02300625,0.01845,0.0145,0.01340625,0.01185625,0.01265625,0.0164,0.0209125,0.02015625,0.0129625,0.231575,0.26815625,ulaiense
0.0321719742353948,0.01299491013918292,0.020145488941939554,0.025798387460024323,0.025899734246205126,0.03387234809242827,0.04871402189090582,0.08472591324715104,0.11351966127651908,0.08695554254312869,0.05219359488311337,0.03690149092383226,0.029818476645196164,0.027329850006756452,0.02335480383766497,0.012893563353002117,0.20824512409350932,0.12446511418404577,0.033782262060267555,0.009774334489437413,0.01408720327913157,0.015843880906265484,0.014638980226115941,0.013321472005765505,0.0131187784334039,0.014166028557272194,0.0186365479032476,0.02653033647133012,0.038860862123327775,0.06086437547858205,0.07467005990721139,0.05888248277104635,0.04065132201252196,0.02694698437007342,0.019683798027115895,0.014774109274357012,0.013107517679383812,0.014379982883653889,0.015393450745461916,0.016373136345209677,0.013715598396468628,0.008456826269086977,0.20340299986487095,0.20593666951939102,lumpii
0.03575629840211744,0.013748652092932065,0.021689050093128125,0.024703460445054407,0.025977845309283404,0.030536221939025585,0.041785119105970006,0.0789383393784923,0.13329575531810606,0.08055582786001372,0.04560827369865699,0.036957161062640916,0.0285266150377414,0.02739927458092344,0.022105675914126065,0.013184981864523085,0.200421527301245,0.13880992059602,0.03661405744534849,0.012033134006469954,0.014826977747279679,0.015586707185570042,0.013405548475639644,0.0114449563768258,0.011886089599058916,0.013479070679345163,0.016223899617684542,0.019262817370845994,0.02820801882168415,0.06293500637192433,0.10239192236055289,0.05644054504460347,0.029776492500735222,0.02247328693265366,0.018061954710322518,0.015684736790510734,0.012106656210175473,0.013233996666993432,0.013552592883050682,0.01573375159298108,0.014214292716400352,0.009214782864425057,0.19328987354180963,0.22791883148710912,thymicola
0.04008332281277616,0.017832344400959474,0.025722762277490215,0.02575432394899634,0.024618103774775912,0.025943693978033075,0.035159702057820985,0.07612675167276858,0.11217018053276101,0.08127130412826664,0.04226107814669865,0.03500189370029037,0.02682742078020452,0.028973614442620883,0.02682742078020452,0.016696124226739047,0.20218406766822372,0.1565458906703699,0.04532256028279258,0.013824012119681858,0.018242646130539074,0.016380507511677817,0.013255902032571645,0.010636283297563439,0.009310693094306275,0.00959474813786138,0.012088120186845096,0.016159575811134957,0.02610150233556369,0.056526953667466226,0.07978790556747885,0.05343390985986618,0.02739553086731473,0.019852291377351346,0.014108067163236966,0.012529983587930817,0.00968943315237975,0.013003408660522662,0.014202752177755334,0.01843201615957581,0.01849513950258806,0.011677818457265498,0.19650296679712156,0.2634452720616084,freii
0.04000389542936288,0.017432046398891968,0.024238227146814405,0.028750432825484763,0.028252683518005542,0.03242944944598338,0.03903003808864266,0.0611474203601108,0.0800402527700831,0.06571372922437674,0.04415902008310249,0.03726627423822715,0.032104830332409975,0.03308950831024931,0.02640235457063712,0.015982081024930747,0.22792590027700832,0.16603185595567868,0.04608509349030471,0.013525796398891966,0.018633137119113574,0.017799948060941827,0.015484331717451524,0.013796312326869805,0.012151575484764542,0.012735889889196677,0.01304968836565097,0.01638244459833795,0.02283154432132964,0.03833751731301939,0.05343230609418283,0.040350155817174514,0.02483336218836565,0.016934297091412743,0.014196675900277008,0.013882877423822715,0.013406769390581717,0.013936980609418283,0.015938798476454293,0.019163348337950137,0.018243594182825486,0.011697108725761773,0.22571849030470914,0.27745195637119113,nalgiovense
0.04514659942037713,0.020606722119763634,0.03048665738266401,0.029837404493959125,0.0242575934359592,0.025066807181301515,0.03489028567127103,0.06320335729609695,0.09168579923971545,0.06502879295419474,0.03558658587075163,0.026224171026384132,0.025113854492077235,0.03049606684481915,0.0318792577816252,0.020907824908728216,0.22690917987127857,0.17267304000903308,0.048534005796228685,0.015412699010124582,0.021274793932778802,0.018640144529338702,0.01362490120064737,0.009851706876434944,0.007941586058940872,0.009409462155143211,0.010858519327035267,0.015205690842711431,0.023777710866046898,0.0435940381647785,0.061001543151793444,0.04391395987805337,0.02474688546802665,0.016635929090293197,0.011931198012721593,0.010181038051864955,0.008666114644886898,0.009512966238849787,0.013163837555045353,0.019374082577439874,0.020249162557868194,0.014368248710903685,0.22453799540818248,0.28359177989386125,palitans
0.03264,0.016448,0.022976,0.02576,0.023856,0.029232,0.040128,0.077632,0.113072,0.078224,0.045088,0.03352,0.027536,0.028512,0.0252,0.01456,0.216144,0.149472,0.033824,0.012032,0.016112,0.014128,0.012128,0.010848,0.00968,0.011088,0.015776,0.01992,0.031664,0.063088,0.085312,0.057776,0.032096,0.021264,0.015712,0.012128,0.010256,0.012224,0.013968,0.015232,0.014736,0.009792,0.208992,0.240224,Eupenicillium crustaceum
0.035257605626298684,0.01715594863871277,0.022683680537055783,0.02442857903990623,0.02257712184985881,0.030662262240929192,0.04568703713570249,0.08155735521338377,0.10432095476583729,0.08352869092652779,0.04776493153604348,0.03255367893867547,0.02498801214769034,0.02513453034258618,0.024734935265597526,0.015943843571847194,0.21668709041504608,0.1443337418083009,0.03732218019074005,0.012627204432841387,0.015544248494858543,0.014785017848580105,0.012001172145559166,0.008724492514252224,0.00953700250412915,0.011934572966061058,0.016423357664233577,0.024175502157813417,0.03841440673450903,0.058167723373648034,0.07540359102775854,0.05680910011188662,0.03866748361660184,0.02460173690660131,0.01660983536682828,0.012827001971335713,0.009097447919441632,0.0085246949757579,0.010908945601790185,0.014092386381799776,0.015943843571847194,0.011428419201875433,0.21259790079386223,0.2328307315253876,scabrosum
0.02283203125,0.01259765625,0.01525390625,0.02052734375,0.019912109375,0.031748046875,0.0469140625,0.084091796875,0.101396484375,0.086572265625,0.054208984375,0.04453125,0.028623046875,0.029765625,0.02205078125,0.014248046875,0.231318359375,0.133408203125,0.022392578125,0.01115234375,0.0096484375,0.009228515625,0.008974609375,0.010673828125,0.01056640625,0.014658203125,0.0207421875,0.028701171875,0.041533203125,0.06091796875,0.07400390625,0.06123046875,0.043056640625,0.03087890625,0.022177734375,0.01740234375,0.01234375,0.01275390625,0.014375,0.01416015625,0.014345703125,0.008115234375,0.21318359375,0.212783203125,nalgiovense
0.03199042759384518,0.012272062022863019,0.019570032830979786,0.026165895336418655,0.03090265416716111,0.043283493532692535,0.05568411059689095,0.07711324710256715,0.09375618053083343,0.07921957201060084,0.058106878683596375,0.04724892211542265,0.036084411217910686,0.028450219532455204,0.02111269332700447,0.011184288596178949,0.21260037182073493,0.11525453898184407,0.040613504212649816,0.010403069498833116,0.014734385506902417,0.016504489537597405,0.017829595348285272,0.018511925952296192,0.017661484909615915,0.019431588940310905,0.023317906728373087,0.027125113721767336,0.03284086863652545,0.04080139234998616,0.05216368023416795,0.04234405284601084,0.03306831217119576,0.028786440409793917,0.024366124757723193,0.02129069261500732,0.018511925952296192,0.019253589652308056,0.01940192239231043,0.016820932716269135,0.013874055614888652,0.008425299632134805,0.2155670266207824,0.20635061904196828,radicicola
0.03392074167657551,0.015304510998810939,0.023024115636147445,0.02772926575505351,0.027445934898929845,0.03304288049940547,0.04027478448275862,0.054715368608799046,0.06657810642092747,0.05874238258026159,0.046828552318668254,0.04444114149821641,0.034078663793103446,0.03316364447086802,0.025262893876337695,0.014802876040428061,0.2643383992271106,0.1563057372175981,0.03727426426872771,0.012415465219976218,0.01641925535077289,0.01634493906064209,0.015155878418549346,0.014194411414982164,0.013767092746730084,0.014658888228299643,0.016396031510107014,0.018681257431629014,0.023372473246135554,0.03103634066587396,0.038997473246135554,0.032364744351961953,0.025722725921521996,0.022253084126040427,0.019610211058263972,0.018946009215219977,0.016200951248513673,0.016753678656361473,0.018360768430439954,0.018286452140309155,0.017204221165279428,0.010399635850178359,0.2553275490487515,0.2598561979785969,paecilomyoforme
0.043426715276445274,0.01738576245168718,0.025355664592527617,0.03110523286094131,0.030173240865107864,0.03546366601792714,0.041884816753926704,0.0526781064115567,0.06543817329568817,0.055213672870809465,0.04264548669170253,0.03751267783229626,0.033860091554507823,0.03294180532331899,0.027411529289219045,0.01733093939310874,0.24270168032674544,0.16747073819248376,0.04833337901921548,0.01389079246731175,0.01852334091718977,0.019434774266056304,0.017378909569364876,0.014767961404566762,0.013342561881527371,0.014850195992434418,0.015460102519119542,0.018242372741975276,0.020921849729996438,0.028590225048655465,0.03602560236835613,0.02891231051780379,0.022806392368630246,0.019208629149420245,0.01606315616348236,0.014877607521723638,0.013692058879964913,0.014678873934376798,0.017447438392587923,0.02111373043502097,0.018948219621172664,0.012499657355883884,0.2400564677503358,0.2799333899838272,hordei
0.02440828402366864,0.012245233399079554,0.01586127547666009,0.01836785009861933,0.017094017094017096,0.0226413543721236,0.034146942800788956,0.10478303747534516,0.22855029585798817,0.09824950690335306,0.03579059829059829,0.028558514135437214,0.020627876397107166,0.02021696252465483,0.017381656804733726,0.010272846811308349,0.18125410913872453,0.10954963839579224,0.025805391190006573,0.008793556870479948,0.010971400394477318,0.01101249178172255,0.009861932938856016,0.009697567389875083,0.008711374095989481,0.010889217619986851,0.011341222879684419,0.01524490466798159,0.02925706771860618,0.10461867192636423,0.18667817225509534,0.07462195923734385,0.029791255752794215,0.018039119000657463,0.012984878369493753,0.011464497041420118,0.009286653517422748,0.009944115713346482,0.011135765943458251,0.012039776462853386,0.011382314266929651,0.006574621959237344,0.17299474030243261,0.17685733070348456,Eupenicillium osmophilum
0.04842375152963114,0.019506439018705204,0.02785385467047375,0.030782005710622923,0.030199289085717614,0.029121263329642794,0.03789114853446769,0.05436746110366529,0.07291241769127674,0.05773264961249344,0.04162053493386166,0.03381213216013053,0.029703979954548102,0.03191830312918827,0.02904842375152963,0.018326437853271954,0.2275071382786551,0.17927276965211816,0.04964745644193229,0.015179768078783287,0.019083969465648856,0.01841384534700775,0.015864460113047023,0.013781248179010547,0.010882232970106638,0.011406677932521415,0.012426432026105706,0.01615581842549968,0.021924713012062235,0.03401608297884739,0.046908688304877336,0.03445312044752637,0.022900763358778626,0.018603228250101977,0.014378532719538489,0.012601247013577297,0.012091369966785153,0.013679272769652117,0.015092360585047492,0.018719771575083036,0.018661499912592507,0.014160013985198998,0.22186935493269622,0.29709807120797155,dipodomyicola
0.03235071329377604,0.012640449438202247,0.020688675672263603,0.02831870975886883,0.032279699532887264,0.041535159702057824,0.052408155535917184,0.07319940664057568,0.08671569246307284,0.07524302487059714,0.05621922737028153,0.04471499810629971,0.03600397677060977,0.030480684257038253,0.022203635904557505,0.012332723141017549,0.2175782729453352,0.12508679459664185,0.03342381012498422,0.00927124100492362,0.013595190001262468,0.01668823380886252,0.016254260825653326,0.016199027900517613,0.016443630854690066,0.0195840171695493,0.02406577452341876,0.028586983966670875,0.035475318772882215,0.04499905314985481,0.056818899128897864,0.0448412447923242,0.03559367504103017,0.030094053781088245,0.025067857593738165,0.021367251609645248,0.01780867314732988,0.016877603837899255,0.016569877540714557,0.015930753692715568,0.013271682868324707,0.008561103396035854,0.2139644615578841,0.20864631990910237,solitum
0.03638107669791543,0.015881492029587437,0.02378268264704719,0.028558996875123612,0.032989201376527826,0.036618409081919226,0.046052371346070174,0.061597642498318894,0.08134567461730154,0.06813417190775681,0.05115501760215181,0.04220560895534196,0.03333531110320003,0.03047743364582097,0.02416834777105336,0.014922273644238756,0.22813575412365017,0.1442585340769748,0.03529330327123136,0.011609509117519085,0.015812270084252997,0.016356156797595032,0.015604604248249674,0.014220165341560856,0.01578260353625252,0.01755270756694751,0.020262252284324198,0.02480123412839682,0.02920177208180056,0.04117716862465883,0.0544480044302045,0.04416360112337329,0.03341442189786797,0.027451445749772558,0.022932241604366917,0.019045923816304735,0.015298049918911436,0.01462560816423401,0.01519916142557652,0.016039713618923302,0.014427831177564179,0.009997626676159962,0.22280566433289822,0.23247695898105297,flavigenum
0.02997669656097733,0.013434785678977473,0.018466210013417132,0.026128098298142787,0.02462749805804675,0.03195395805380976,0.03975707930230916,0.0714991879104583,0.11016171174352093,0.07185227031989266,0.04482381187769225,0.038291787303156556,0.030682861379846056,0.027893510345314596,0.02227950003530824,0.013046395028599675,0.2542193347927406,0.1309053032977897,0.03322505472777346,0.009956923946049008,0.013523056281336064,0.014741190593884613,0.014458724666337124,0.014087988136431043,0.01309935739001483,0.014652919991526021,0.017654120471718097,0.0207788997952122,0.02794647270672975,0.05259162488524822,0.07566556034178377,0.04655391568392063,0.02739919497210649,0.020655320951910177,0.018889908904738364,0.015535626015111928,0.013523056281336064,0.014917731798601794,0.014900077678130076,0.015429701292281618,0.014529341148223995,0.009056563801991385,0.24934679754254643,0.21688086999505685,gladioli
0.04902098065299074,0.01846600854162291,0.027340194636981025,0.03206609255758594,0.03180937711498518,0.03299960325795234,0.036955354850754976,0.04944689491003291,0.06063151998879787,0.04996032579523443,0.03804056103993092,0.03458073700669794,0.03192606595253098,0.033262153142430397,0.030321594436276227,0.01936451259072557,0.2473628322714649,0.17644519125300473,0.055748092137506124,0.014650283553875236,0.020239678872319075,0.020589745384956476,0.017316623491796773,0.013950150528600434,0.011762234824616677,0.012339844570468389,0.013144997549534411,0.013996826063618755,0.017024901397932272,0.02487806016476464,0.033874769539545845,0.026616723844197065,0.018325981936567946,0.01556045648673248,0.013320030805853112,0.01266657331559663,0.011826413685266867,0.013209176410184601,0.016809027048472543,0.020683096454993114,0.021272375084599407,0.014638614670120656,0.24750869331839717,0.2980466288594833,venetum
0.04177657457540839,0.017168772270813086,0.02798602434170947,0.029929658938405296,0.029698273867370076,0.03267157203017261,0.042586422324031654,0.0650539127215512,0.0867115553704475,0.06783053357397381,0.0437549169327595,0.03417557499190152,0.02973298162802536,0.03225507890230922,0.02932805775371373,0.0173423110740895,0.21842750705724467,0.1535702716460734,0.04419454856772641,0.013640149937526031,0.019991670137442734,0.019054560599750105,0.01624323198667222,0.014230181868665833,0.011800638622796056,0.01280716368179925,0.015097875885047896,0.01941320745985469,0.02781248553843306,0.04190383636447777,0.05525475496320977,0.04284094590217039,0.02930491924661021,0.021379980563654033,0.01594243139432644,0.014611967235873942,0.012228701004211208,0.01348974964135314,0.015664769309084177,0.01986440834837336,0.019054560599750105,0.012460086075246426,0.21513026979499283,0.2565829052709519,nalgiovense
0.031892361111111114,0.014444444444444444,0.019774305555555555,0.02673611111111111,0.026284722222222223,0.03473958333333333,0.0440625,0.07557291666666667,0.11017361111111111,0.07661458333333333,0.04708333333333333,0.04048611111111111,0.03296875,0.029722222222222223,0.023975694444444445,0.014357638888888889,0.20864583333333334,0.1424652777777778,0.034618055555555555,0.010954861111111111,0.013836805555555555,0.01560763888888889,0.014409722222222223,0.017135416666666667,0.015989583333333335,0.01644097222222222,0.017777777777777778,0.022100694444444444,0.029652777777777778,0.05328125,0.07395833333333333,0.05126736111111111,0.029027777777777777,0.021145833333333332,0.018680555555555554,0.017986111111111112,0.015538194444444445,0.01640625,0.0171875,0.017552083333333333,0.0146875,0.00953125,0.20223958333333333,0.23298611111111112,gladioli
0.041496050767528964,0.017359156979564905,0.02471909022104058,0.02792117060296144,0.02612121329736653,0.029357255137883523,0.03573230608007141,0.048671621805197074,0.05972850239670865,0.04829804576063964,0.036862737487628326,0.030201439965844477,0.027615517475596266,0.02916318966019135,0.02762036911253857,0.016932212928642124,0.31429874439635935,0.15790137592423684,0.04410137980554639,0.01299753536843331,0.01782491412602612,0.017878282132391468,0.014370548623105436,0.012119389081876226,0.010668749636127229,0.01143045663606901,0.013385666323817656,0.016757553998719168,0.02044479807487046,0.027596110927827048,0.03373343165984203,0.026742222825981488,0.020939665042985504,0.016941916202526733,0.013560325253740612,0.011770071222030313,0.010809447107454054,0.011949581788895573,0.014491839546663044,0.018242154903064293,0.01842651710687186,0.01262881096081818,0.3110481476450154,0.25914048399930134,roqueforti
0.018132716049382717,0.009666495198902607,0.01416752400548697,0.018089849108367625,0.019718792866941014,0.030071159122085047,0.046896433470507544,0.10448816872427984,0.174511316872428,0.11396176268861453,0.058320473251028807,0.040852194787379975,0.024455589849108367,0.02025462962962963,0.01412465706447188,0.00968792866941015,0.19133659122085048,0.09126371742112482,0.01800411522633745,0.006901577503429355,0.00945216049382716,0.01131687242798354,0.011059670781893004,0.01178840877914952,0.012174211248285322,0.015217764060356654,0.019825960219478737,0.029299554183813442,0.04083076131687243,0.08569101508916324,0.12907235939643347,0.08551954732510288,0.047689471879286696,0.034915123456790126,0.02512002743484225,0.018882887517146778,0.011981310013717422,0.012195644718792868,0.010330932784636489,0.010095164609053497,0.008144718792866941,0.005679869684499314,0.18469221536351166,0.14411865569272977,Eupenicillium crustaceum
0.041169653456950644,0.01632370399683419,0.024506755610831592,0.028902142574481315,0.028774944880999492,0.03146022952117135,0.04283735654926791,0.06659505907626208,0.09374470009610493,0.07241788682231895,0.046935948894793376,0.03517722878625134,0.02924133642376618,0.027064842557521625,0.02536887331109729,0.015800780145853354,0.2189496297133812,0.15472892758211318,0.040886991915879925,0.011560857029792527,0.01669116400022613,0.01650743399853016,0.014203742438803776,0.011235796257561196,0.011179263949347052,0.012479507038272372,0.015334388603086665,0.021058284809768783,0.03099383797840466,0.05083667816156934,0.06857368986375714,0.051486799706031997,0.03355192492509469,0.02283905251851433,0.016634631692011986,0.014542936288088643,0.01136299395104302,0.012083780880773363,0.012974164735146137,0.0157018486064786,0.015235457063711912,0.010741138560687433,0.2136214596641981,0.24768217536322007,dipodomyis
0.0537954152249135,0.02355464244521338,0.03291402345251826,0.027994040753556323,0.01989018646674356,0.020118464052287583,0.026396097654748173,0.04218930219146482,0.05735774702037678,0.0458958093041138,0.028006055363321798,0.02091142829680892,0.019800076893502497,0.027459390618992694,0.034169550173010384,0.024215445982314496,0.29574562668204535,0.19958669742406768,0.05521914648212226,0.018027921953094963,0.023122116493656288,0.01761942522106882,0.010272491349480968,0.007431036139946175,0.005754998077662437,0.006776239907727797,0.008055795847750865,0.01124567474048443,0.016351883890811228,0.02608371780084583,0.03484837562475971,0.027537485582468282,0.017258986928104576,0.011738273740868896,0.008073817762399077,0.006656093810073049,0.006013312187620146,0.006115436370626682,0.009611687812379853,0.017703527489427145,0.0237348615916955,0.018508506343713958,0.2919730392156863,0.3142661476355248,olsonii
0.042152590883848096,0.017119483959161005,0.025844760562176942,0.03042633175274467,0.03030885556837114,0.03340595497458242,0.04001666025887479,0.06189926951172626,0.08520227263018497,0.06462258105856722,0.041874919902601566,0.035242855312059465,0.029037976846512024,0.03094963475586313,0.02753214575590585,0.01730103806228374,0.2237280533128284,0.1633346148917083,0.0393118031526336,0.012142765602973215,0.016414626852919816,0.016809774018539878,0.015442778418556966,0.013520440856080994,0.013039856465462001,0.014791319577940108,0.01707676534666154,0.021658336537229272,0.02635738391217053,0.04234482464009569,0.06074586697424068,0.0437118202400786,0.029433124012132085,0.022715622196591054,0.017578709043530268,0.014962194027937973,0.012698107565466273,0.013146652996710667,0.015624332521679695,0.016969968815412875,0.016692297834166345,0.012174804562347815,0.21457559058481782,0.26006023324362426,tricolor
0.043934240362811794,0.01919501133786848,0.02734126984126984,0.026972789115646257,0.0243140589569161,0.029263038548752833,0.038231292517006805,0.053622448979591834,0.06546485260770975,0.05772675736961451,0.04118480725623583,0.03239795918367347,0.02727891156462585,0.029784580498866214,0.028798185941043084,0.018803854875283448,0.26640022675736963,0.1692857142857143,0.04503968253968254,0.01439342403628118,0.018826530612244898,0.01685374149659864,0.012091836734693877,0.009846938775510204,0.01022108843537415,0.011927437641723356,0.0152437641723356,0.01958049886621315,0.025663265306122448,0.032579365079365076,0.04221655328798186,0.03264172335600907,0.02727891156462585,0.020759637188208616,0.01610544217687075,0.012919501133786848,0.010992063492063492,0.010453514739229026,0.012528344671201815,0.017409297052154195,0.01921768707482993,0.013565759637188209,0.26073696145124714,0.2709070294784581,paneum
0.03885754243827161,0.016312210648148147,0.022955246913580248,0.028489101080246913,0.027789834104938273,0.033118730709876545,0.04113618827160494,0.0660083912037037,0.08994020061728394,0.06781684027777778,0.043053144290123455,0.03738667052469136,0.03267264660493827,0.03226273148148148,0.025595582561728395,0.015492380401234568,0.22360869984567902,0.15750385802469136,0.04441550925925926,0.013334297839506173,0.01693913966049383,0.017867476851851853,0.01644483024691358,0.014515817901234568,0.013237847222222222,0.013274016203703705,0.014057677469135802,0.017336998456790122,0.025438850308641976,0.04154610339506173,0.05859375,0.04148582175925926,0.02533034336419753,0.01739728009259259,0.014467592592592593,0.013659818672839507,0.013189621913580247,0.015010127314814815,0.016553337191358024,0.019675925925925927,0.01693913966049383,0.011381172839506173,0.2226441936728395,0.2652633101851852,nalgiovense
0.02942577351013565,0.012926764212772444,0.020023624447492762,0.023548239597622315,0.025701112635269013,0.03153101661332114,0.04829675354366712,0.09080170705685109,0.12391403749428441,0.09143042219173907,0.05033531473860692,0.034817482091144644,0.02783493369913123,0.027110958695320837,0.0225480109739369,0.012202789208962048,0.2121818320377991,0.1153692272519433,0.031226185032769395,0.009049687547629935,0.013412589544276788,0.014870065538789818,0.014603337905807041,0.013155387898186252,0.012745770461819845,0.014774805669867398,0.018080323121475384,0.02705380277396738,0.0404282883706752,0.06346212467611645,0.08335238530711782,0.06310013717421124,0.04104747751867093,0.02713001066910532,0.0180612711476909,0.01502248132906569,0.013317329675354367,0.013126809937509526,0.015032007315957933,0.01604176192653559,0.01431755829903978,0.008259030635573846,0.2076665142508764,0.19166285627190977,lumpii
0.033968880122726273,0.016089560961355834,0.023266856600189935,0.02443567828183213,0.02337643363284389,0.0288004967492147,0.03941120607787275,0.07942508583534225,0.13112718240923368,0.08214624881291548,0.04384907590035795,0.03130250566148002,0.02646285338593031,0.027065527065527065,0.022718971436920154,0.01490247644093798,0.2072101687486303,0.14444079187668932,0.032891372634962376,0.012948352691942435,0.016071298122580173,0.013496237855212215,0.011341222879684419,0.009569727518445467,0.00896705383884871,0.010866389071517277,0.01307619256337205,0.020436116589962743,0.03312878953904595,0.0673350865658558,0.10079260720286361,0.061454452480093506,0.03354883483088611,0.021385784206297026,0.01587040689604792,0.012363941851121338,0.010117612681715247,0.010081087004163927,0.011505588428665352,0.014683322375630067,0.014226751406238585,0.009916721455182994,0.20204178537511872,0.23188326393454597,Eupenicillium crustaceum
0.036980968858131485,0.017287521626297576,0.025356833910034602,0.02670847750865052,0.024491782006920416,0.031398680795847754,0.04475291955017301,0.07404303633217993,0.09841317041522492,0.07734104671280277,0.04623972750865052,0.03238538062283737,0.02503243944636678,0.028803525086505192,0.026870674740484428,0.016827962802768166,0.21774978373702422,0.14931606833910036,0.03888678633217993,0.012948745674740485,0.01690906141868512,0.015841262975778547,0.012394571799307958,0.010556336505190311,0.00977238321799308,0.012151275951557093,0.016165657439446368,0.0231401384083045,0.03592668685121107,0.05367376730103806,0.06702800605536333,0.05238970588235294,0.03473724048442907,0.02491079152249135,0.01597642733564014,0.011813365051903115,0.009312824394463667,0.009258758650519032,0.012083693771626297,0.016016976643598618,0.01740916955017301,0.012016111591695501,0.21489781574394465,0.2437824394463668,scabrosum
0.0354536115916955,0.017976859861591695,0.02276167820069204,0.023167171280276816,0.02032871972318339,0.02526221885813149,0.03654844290657439,0.07132623269896193,0.10283304498269896,0.0771653330449827,0.04359050605536332,0.03298010380622837,0.02378892733564014,0.02980374134948097,0.02778979238754325,0.01726048875432526,0.2257379974048443,0.16622512975778547,0.030871539792387544,0.01335423875432526,0.014678849480968858,0.011678200692041523,0.010191392733564014,0.009475021626297578,0.009258758650519032,0.010813148788927335,0.014381487889273356,0.019477184256055362,0.03172307525951557,0.05805309256055363,0.07866565743944637,0.059445285467128024,0.0335342776816609,0.022180471453287196,0.016733347750865053,0.013313689446366782,0.010218425605536333,0.011218641868512111,0.012610834775086505,0.015611483564013841,0.014705882352941176,0.010204909169550172,0.21128892733564014,0.2563121756055363,percisinum
0.024455681142177277,0.010713860797144557,0.01674003569303986,0.023533610945865556,0.026496133254015466,0.037061273051754905,0.0491076740035693,0.06993456276026175,0.083343248066627,0.07728138013087447,0.05635930993456276,0.0437120761451517,0.031225461035098157,0.0258953004164188,0.019030339083878644,0.010184414039262344,0.2894289113622844,0.10549672813801309,0.02680547293277811,0.007792980368828079,0.011635930993456277,0.012938726948245093,0.014241522903033908,0.014979179060083284,0.015532421177870315,0.018673408685306366,0.021403926234384293,0.027674003569303985,0.033837001784651995,0.04391433670434265,0.05132064247471743,0.04648423557406306,0.037929803688280785,0.030672218917311124,0.024187983343248065,0.020648423557406304,0.016734086853063653,0.016032123735871505,0.01438429506246282,0.014158239143367043,0.010856632956573468,0.00652587745389649,0.2853837001784652,0.1752528256989887,harmonense
0.03951084039300801,0.017380802352446965,0.02546150435249364,0.029942355714252373,0.030496627692594928,0.03423067049406054,0.03940582043921678,0.05296506336203879,0.06632593526103293,0.05821022660972251,0.045800368736726646,0.04151205395691848,0.03453989591355691,0.03213610586011342,0.026634227169828936,0.01580550304557866,0.24635930826857103,0.16328269037783846,0.04299983663562744,0.01295246096758384,0.018098438703353637,0.017905902121403066,0.016937384769772922,0.014691124647016267,0.014416905878783635,0.014959508973371607,0.01667483488529487,0.018285140843426917,0.02205419029615627,0.0289329972694812,0.03788303110924409,0.030677495390790916,0.02481388130411445,0.021692454899764287,0.01908445938061565,0.01871688954234638,0.01589301967373801,0.016318933930780183,0.018005087633316996,0.01889192279866508,0.017124086909846205,0.011698055963966487,0.24071156853135428,0.2695803869401853,paecilomyoforme
0.03655645264641805,0.015816566277927293,0.024039899184074502,0.02801273014652484,0.030127301465248408,0.03652441368704344,0.046317655602546026,0.06649152035541886,0.08351488743645606,0.06757016532103037,0.05026912725874664,0.040005980605749926,0.03231663035584604,0.02914477337776069,0.02401853987782477,0.014385492759195182,0.2310329360502371,0.14385492759195181,0.03572343970267846,0.01151266606860609,0.01569909009355376,0.016478704771669017,0.014641804434191977,0.013915588021701055,0.01454568755606818,0.01713016361228587,0.020366098509120422,0.02447776496219403,0.03162245290272972,0.043754538852578066,0.05835362467427058,0.043615703361954805,0.03231663035584604,0.025770002990302875,0.02088940151223888,0.017087444999786407,0.014535007902943313,0.014246657268571918,0.015389380152932633,0.016051518646674357,0.014406852065444915,0.009878679140501516,0.22489213550343884,0.23269896193771628,flavigenum
0.044710743801652894,0.016466942148760332,0.025640495867768596,0.02878099173553719,0.02706611570247934,0.027417355371900827,0.03665289256198347,0.06867768595041322,0.10473140495867768,0.07053719008264463,0.03865702479338843,0.03035123966942149,0.027603305785123967,0.029834710743801653,0.027107438016528925,0.017913223140495867,0.21047520661157024,0.16737603305785123,0.050330578512396695,0.014111570247933884,0.01871900826446281,0.018285123966942148,0.014607438016528926,0.012004132231404958,0.009070247933884298,0.009690082644628098,0.010516528925619835,0.01396694214876033,0.023202479338842976,0.04836776859504132,0.07161157024793388,0.048264462809917356,0.024958677685950413,0.01603305785123967,0.011466942148760331,0.011136363636363637,0.010206611570247933,0.011838842975206612,0.014855371900826446,0.01940082644628099,0.018388429752066116,0.01334710743801653,0.20630165289256197,0.2793181818181818,glandicola
0.04405612244897959,0.01732142857142857,0.025778061224489796,0.029209183673469388,0.028622448979591836,0.0332015306122449,0.040127551020408166,0.06191326530612245,0.08286989795918367,0.06512755102040817,0.04491071428571428,0.03683673469387755,0.03146683673469388,0.029948979591836733,0.027589285714285715,0.017857142857142856,0.21931122448979593,0.16385204081632654,0.039247448979591835,0.013201530612244898,0.016721938775510203,0.015803571428571427,0.01403061224489796,0.01225765306122449,0.012614795918367347,0.015025510204081632,0.017168367346938777,0.02173469387755102,0.028176020408163267,0.043048469387755105,0.059566326530612244,0.04524234693877551,0.029706632653061223,0.025369897959183672,0.01881377551020408,0.016798469387755102,0.01413265306122449,0.01371173469387755,0.01465561224489796,0.015599489795918367,0.016709183673469387,0.01163265306122449,0.20887755102040817,0.2601530612244898,tricolor
0.042121582670975634,0.018276705389116955,0.027360468163158354,0.02773167962267447,0.025853786356887065,0.02862695431915451,0.04000349375491309,0.06576993623897284,0.0949427897632981,0.07116342038605991,0.04415232771421085,0.0327976242466591,0.026727225085160275,0.026683553148746614,0.025941130229714386,0.01718490697877544,0.2143855358546598,0.17027688007686262,0.040986112324220454,0.013232596733339156,0.0179491658660145,0.01790549392960084,0.013472792383614289,0.010328412961830728,0.009542318106384838,0.010219233120796575,0.013145252860511835,0.0179491658660145,0.029675080793082367,0.0516857367455673,0.06725478207703729,0.05011354703467552,0.03196785745479955,0.02098436544676391,0.013407284478993798,0.011311031531138091,0.010284741025417068,0.011136343785483449,0.012140798322997642,0.015285177744781204,0.01652982793257053,0.012883221242029872,0.207026814568958,0.2735828456633767,mononematosum
0.0437477173119065,0.017382669831994157,0.02794010226442659,0.030690741417092767,0.028339572680788898,0.033258765522279035,0.04088294375456537,0.06344731555880205,0.08330670197224252,0.06425766983199416,0.0441700146092038,0.03231144996347699,0.030302684441197953,0.030142896274653032,0.027780314097881665,0.01847836011687363,0.22315558802045288,0.160404492330168,0.04637280861943024,0.012965668371073777,0.019265887509130754,0.01910609934258583,0.01516846238130022,0.012977081811541271,0.010557432432432432,0.01156181519357195,0.01464344411979547,0.019117512783053323,0.027255295836376918,0.041487856099342586,0.05383719868517166,0.042069941563184804,0.027278122717311906,0.02160564280496713,0.01514563550036523,0.012954254930606281,0.011390613586559533,0.011516161431701971,0.014609203798392988,0.018946311176040904,0.019391435354273193,0.012783053323593864,0.21948046018991965,0.26851260043827613,nalgiovense
0.048720083246618105,0.01918834547346514,0.029906347554630595,0.031030176899063476,0.026222684703433922,0.02740894901144641,0.03657648283038502,0.06039542143600416,0.08190426638917794,0.060332986472424556,0.040301768990634756,0.02879292403746098,0.026462018730489072,0.030780437044745056,0.032164412070759624,0.021248699271592092,0.22381893860561913,0.17474505723204994,0.050957336108220605,0.015119667013527575,0.020218522372528615,0.018595213319458896,0.014245577523413112,0.01096774193548387,0.009042663891779396,0.009906347554630593,0.011394380853277836,0.016815816857440165,0.02400624349635796,0.03965660770031217,0.05475546305931322,0.03967741935483871,0.025889698231009364,0.01878251821019771,0.013340270551508845,0.010260145681581685,0.008626430801248699,0.010395421436004162,0.013610822060353798,0.019323621227887618,0.021394380853277835,0.014890738813735692,0.22008324661810613,0.2880437044745057,palitans
0.02674445923721513,0.013411386952776255,0.01930456574516407,0.023651029837888637,0.023298613830370428,0.028780640613987,0.041310987547967734,0.09924426345054428,0.18660427598089122,0.09102122327511943,0.0376301981361109,0.024727856527527604,0.020048555094369175,0.02298535515702091,0.02339650716579215,0.015467146996632469,0.1921841960999295,0.11018873835069308,0.02930926462526431,0.009691440206750725,0.013998746965306601,0.014899365651186467,0.013665909624872739,0.013333072284438875,0.014077061633643981,0.017092176364633095,0.018012373717597306,0.022202208473647116,0.031423760670373564,0.07921528702325946,0.1323517894901715,0.06791839611559244,0.028996005951914795,0.019167515075573655,0.013058970945258047,0.010533322891377555,0.008262197509593547,0.010787845563474039,0.013372229618607566,0.016681024355861853,0.015780405669981987,0.0105529015584619,0.18670216931631295,0.18891455869684393,entromorphobium
0.028106508875739646,0.01203564300969854,0.018758096705297433,0.02213682994292917,0.025296733307657294,0.032824480935541474,0.05116242428486398,0.08909001785651763,0.12206330310563356,0.09349287489933826,0.053000595217254295,0.03495150730016456,0.025673120689051504,0.023843702951577325,0.020937642239417388,0.012482055950421903,0.22186723153951193,0.11227723118938412,0.029384475333496727,0.009059556738209447,0.012989741255558278,0.013462413781030075,0.012464549560589615,0.012674626238577081,0.013103532789468155,0.01492419733202619,0.020036063163054514,0.028946815587689505,0.04158642904660201,0.06406463359126081,0.08031056335562481,0.06334687160813697,0.04220790588564826,0.028535415426630722,0.020316165400371136,0.015466895416827142,0.01237701761142817,0.011545464094394454,0.012543328314834915,0.014442771611638249,0.013584958509856098,0.008263016000840307,0.21749938727635587,0.1868632050698505,melanoconidium
0.026910832995224867,0.010923504260166661,0.017337161761493088,0.022034268593364752,0.024648107112761775,0.033098217908304986,0.05164476764145938,0.0912502730876065,0.1269311195031366,0.09604881245903686,0.05420398863955557,0.03360538060609844,0.026239817733528917,0.02386005430542118,0.02025529789956618,0.01203145969226928,0.22112293623794513,0.10785399956305983,0.029860179145469866,0.008504728316844044,0.01223432477138666,0.01327986017914547,0.01268686994787928,0.012562029899191661,0.012562029899191661,0.015378733497706064,0.019654505165257016,0.028900471271183795,0.04285914921506819,0.06565026060360163,0.08234761711557068,0.06643051090789925,0.04309322430635748,0.02719172310477201,0.019022502418775945,0.014458038138634874,0.01190661964358166,0.012429387347461065,0.01356855279173559,0.01485596579382666,0.012015854686183328,0.008582753347273805,0.21836085016073156,0.18160325832527074,melanoconidium
0.044831542084289334,0.017962806424344887,0.025902668759811617,0.028951817413355875,0.02711025238497766,0.02880086946021012,0.03607656080183553,0.06617558265909915,0.11834319526627218,0.0652095157589663,0.03855210723342591,0.03441613331723222,0.03169907016060862,0.030672624079217486,0.028408404782031157,0.018204323149378095,0.20214949885279557,0.15653302741214828,0.04966187658495351,0.01470233063639657,0.019894940224610556,0.018264702330636397,0.01612124139596667,0.012317352976693636,0.011834319526627219,0.013404178239343074,0.014309865958217607,0.01524574326772129,0.01944209636517329,0.049812824538099265,0.07683250815118947,0.03885400313971742,0.019713802680835647,0.018294891921265547,0.013977780461296945,0.014189107595701002,0.014038159642555247,0.015034416133317232,0.017419393793020165,0.020468542446564424,0.019351527593285834,0.011985267479772974,0.1991607293805096,0.2656683975365294,formosanum
0.03984910836762689,0.017818930041152262,0.025555555555555557,0.026858710562414265,0.026213991769547324,0.031330589849108366,0.04425240054869684,0.06989026063100137,0.09412894375857339,0.07155006858710562,0.04609053497942387,0.03223593964334705,0.026227709190672154,0.026982167352537723,0.026570644718792866,0.016392318244170097,0.22020576131687242,0.15784636488340192,0.0412482853223594,0.013388203017832648,0.016652949245541837,0.01654320987654321,0.013305898491083675,0.011262002743484226,0.010192043895747599,0.01213991769547325,0.016159122085048012,0.022661179698216734,0.032962962962962965,0.048545953360768175,0.06492455418381345,0.04912208504801097,0.033689986282578875,0.02308641975308642,0.016213991769547326,0.011728395061728396,0.009890260631001372,0.00998628257887517,0.011563786008230452,0.015377229080932784,0.016694101508916325,0.012482853223593965,0.21511659807956104,0.25506172839506175,scabrosum
0.026643990929705215,0.012448979591836735,0.01802721088435374,0.021904761904761906,0.022494331065759637,0.03419501133786848,0.053832199546485264,0.09596371882086167,0.12566893424036282,0.09682539682539683,0.05687074829931973,0.03650793650793651,0.02585034013605442,0.022834467120181407,0.019160997732426303,0.011746031746031746,0.20335600907029477,0.11566893424036281,0.027959183673469386,0.008888888888888889,0.01199546485260771,0.011700680272108844,0.011043083900226758,0.01163265306122449,0.01036281179138322,0.014444444444444444,0.01943310657596372,0.03111111111111111,0.0473015873015873,0.07197278911564625,0.09448979591836734,0.07038548752834467,0.04365079365079365,0.028866213151927438,0.019727891156462583,0.014058956916099773,0.011541950113378685,0.011179138321995465,0.01199546485260771,0.013038548752834467,0.011791383219954649,0.0076870748299319724,0.19569160997732427,0.1880498866213152,radicicola
0.03050833705221307,0.016156842062558317,0.019158992251206944,0.023215951965596983,0.02008195058623068,0.028540711590733903,0.039575642013874805,0.07784291451985882,0.10496369021055621,0.0809464887013672,0.04675646070834517,0.037070469390238954,0.027627895654996147,0.029260821940038137,0.023459369548460385,0.014574627773946205,0.2303338877844943,0.1499249462452838,0.034676863158748836,0.013783520629640148,0.014574627773946205,0.013438679053916994,0.012302730333887785,0.010872652034565297,0.009148444155949531,0.010406101667410442,0.013174976672481643,0.017941904336889934,0.031279159397947176,0.05681772080003246,0.07382652440261268,0.05737555276076108,0.031350156192949,0.018317173110471013,0.014138504604649276,0.012241875938171934,0.010253965678120817,0.01137977199886405,0.01452391577751633,0.01621769645827417,0.015416446914682138,0.010416244066696417,0.22725059840155787,0.24887419367925676,Eupenicillium molle
0.03445337229121013,0.01509617725833942,0.022603684765846926,0.031348916484051616,0.03287070854638422,0.03954630305981657,0.04835240646051457,0.06872412953494035,0.08349565781998214,0.0724170116062008,0.052877201525850175,0.04459865270676081,0.03654330005681357,0.032302572843113386,0.025038552065579093,0.014162811460108757,0.20359548737927116,0.1419730541352163,0.03240402564726889,0.010104699293888483,0.014872981089197306,0.018119470822173526,0.017104942780618457,0.01596867137407678,0.0162933203473744,0.019864459053648243,0.023354435516597678,0.024673321970619267,0.03325622920217515,0.04910315721126532,0.06003976949922896,0.048271244217190167,0.0340678516354192,0.028345913481048614,0.024044314584855127,0.022989205421637855,0.018241214187160133,0.01659767875984092,0.018586153721288856,0.015765765765765764,0.013838162486811136,0.008927846765684604,0.1924356789221654,0.22272948624299976,spinulosporum
0.043910582087385686,0.01847147626651183,0.030592248512120772,0.030664827986645375,0.028378574539120335,0.03233415590071128,0.039918710988532446,0.06568442444476702,0.10182900275802004,0.07326897953258818,0.04351139497750036,0.03530991435622006,0.03211641747713746,0.03240673537523588,0.025729423718972275,0.01618522281898679,0.18852518507766003,0.16116272318188415,0.04641457395848454,0.01502395122659312,0.02155610393380752,0.02206416025547975,0.018580345478298736,0.014080418057773261,0.013644941210625636,0.013717520685150239,0.01357236173610103,0.016983597038757438,0.02420525475395558,0.04478153578168094,0.06343446073450429,0.04285817970677892,0.025257657134562347,0.019995645231528525,0.017056176513282045,0.01651183045434751,0.013463492524314124,0.014407025693133981,0.01731020467411816,0.020177093917840033,0.019052112062708668,0.011939323559297431,0.1830454347510524,0.27086659892582376,freii
0.022294394700067284,0.009471559443093008,0.013638010454945396,0.018270275865638425,0.020922830081258736,0.03286579369597847,0.05187360902644791,0.10303555716577817,0.138838569432224,0.10712437244449045,0.060322964649862844,0.0396589203457378,0.02523161327053465,0.021945033900936804,0.01669168262512292,0.009613891620516537,0.20538533202215206,0.10281558925521453,0.019810051239583872,0.00688370167175612,0.009109259355105844,0.009329227265669478,0.009704466642513327,0.01081724548418819,0.01137363490502562,0.015488328761451271,0.020754619326121836,0.031041353967185964,0.04893639045598054,0.08231975570622639,0.10664561875679313,0.08012007660059003,0.04950571916567465,0.0328399151182651,0.02213912323378707,0.018011490088504736,0.012434656591273744,0.011852388592722944,0.010623156151337923,0.011179545572175353,0.009057502199679105,0.005538015630660939,0.1962113762227628,0.15827338129496402,nordicum
0.037764212827988336,0.01684844856309871,0.02523037276134944,0.030403998334027488,0.031718554768846316,0.0352457309454394,0.04174692836318201,0.05506169304456476,0.06986021449396085,0.060762442732194916,0.04747370887130362,0.04082283423573511,0.03548651603498542,0.03326088088296543,0.025692419825072886,0.015026291128696377,0.24284803206997085,0.15474672011661808,0.04077077259475219,0.012455747605164515,0.017974281549354435,0.019041545189504374,0.01776603498542274,0.015677061640982922,0.014967721782590588,0.015716107871720116,0.017401603498542275,0.019796438983756767,0.022933152852977926,0.032135047896709706,0.03901369221157851,0.0325124947938359,0.026512390670553936,0.023557892544773012,0.01976390045814244,0.018176020408163265,0.016269262807163683,0.01721938775510204,0.018006820074968764,0.018898375676801332,0.01607403165347772,0.010906913785922533,0.24015384214910454,0.25629945855893377,paecilomyoforme
0.04105744377145944,0.01822846340804753,0.02564522973650708,0.026985841595617455,0.025336599668222676,0.029098028625438834,0.03711276571119941,0.0632980980672042,0.10760580224528375,0.06611434744029937,0.037093476331931635,0.030149299795532578,0.026050306701130357,0.029281277728482696,0.028943713591296633,0.018681763820840247,0.22640908915551097,0.16290845260599515,0.04071023494463948,0.013444697349639288,0.017206126306855446,0.017399020099533195,0.014100536244743644,0.011930481077118938,0.012142664249064464,0.012567030592955518,0.015605107827630107,0.018315265614752517,0.024227460360325605,0.045243239072566645,0.07378187569924,0.04523359438293276,0.02364877898229235,0.017765518305620925,0.01423556189961807,0.012557385903321632,0.011062459010069055,0.012036572663091702,0.014756375139848,0.017987346167200338,0.018373133752555844,0.013232514177693762,0.21825932641487597,0.26417769376181477,sclerotigenum
0.033266911650535684,0.014336732053206356,0.021220433724962476,0.02721132446560737,0.03259406862998809,0.03993064541172817,0.05147249107189069,0.07337870710625743,0.09488380518606697,0.07737694736297293,0.05532839915118265,0.04250556389420838,0.033318668805962424,0.02930748926039025,0.02202266963407691,0.013612131877232028,0.2095906009005745,0.12864240981315667,0.033318668805962424,0.010312613218777496,0.013857978365509031,0.014970757207183893,0.016549350447699396,0.015410693028311164,0.01616117178199886,0.019020754619326122,0.02193209461208012,0.02825940686299881,0.03563480151130894,0.050527922985352726,0.06313079033176337,0.052197091247865014,0.036411158842710005,0.02930748926039025,0.023006055587184927,0.01925366181874644,0.01607059676000207,0.015462450183737902,0.01635526111484913,0.015048392940324,0.013236892500388179,0.008643444956265204,0.20420785673619377,0.21171264427307077,flavigenum
0.04849403122130395,0.020091827364554636,0.029100091827364553,0.02867768595041322,0.02597796143250689,0.027786960514233242,0.03479338842975207,0.05596877869605142,0.07780532598714417,0.059256198347107436,0.037768595041322316,0.03071625344352617,0.02741046831955923,0.030991735537190084,0.029522497704315885,0.019439853076216713,0.23272727272727273,0.1834710743801653,0.04796143250688705,0.015298438934802571,0.020303030303030302,0.017842056932966022,0.013939393939393939,0.010716253443526171,0.010137741046831955,0.010018365472910927,0.012405876951331496,0.015968778696051424,0.02244260789715335,0.035684113865932045,0.05422405876951331,0.03628099173553719,0.0234435261707989,0.01748393021120294,0.013544536271808998,0.011983471074380166,0.01039485766758494,0.011808999081726354,0.013985307621671259,0.018723599632690543,0.020312213039485768,0.013948576675849403,0.22595959595959597,0.295188246097337,expansum
0.030201130038792375,0.013197841119919042,0.020387080452015517,0.024456063417102377,0.02603727441389779,0.0333530106257379,0.05035629954461123,0.08794695564176083,0.1154389441727104,0.08710364311013662,0.05242241524709057,0.03571428571428571,0.02737603305785124,0.026237561140158544,0.02144122111654579,0.013693287232248271,0.2134951087873166,0.12114184516781919,0.03226724574127172,0.00966646989374262,0.01311350986675662,0.01475796930342385,0.013672204418957666,0.012481025468038455,0.01322946533985495,0.015053128689492325,0.01913265306122449,0.027534154157530782,0.03961460617304773,0.0628794906392309,0.07870214201383033,0.05975923427222129,0.04000463821892394,0.027312784617979424,0.018974531961544947,0.014325771630966436,0.013303255186372069,0.012913223140495868,0.014810676336650362,0.015748861528082306,0.013946280991735538,0.00835933546972508,0.20847739922415248,0.19995994265474784,lumpii
0.04292751583391977,0.01678638161566648,0.02681453080637725,0.03198330461792327,0.031249241670508868,0.03311776553665462,0.04023392948142396,0.05681404547550292,0.07748914072168701,0.059252833118978866,0.04053726127787619,0.03529568783518164,0.031516173651386835,0.03305103254143512,0.028937853381542866,0.01737484530078381,0.23543400713436385,0.16118444999878667,0.04934601664684899,0.013370865587614356,0.01922516925914242,0.020487029532383703,0.01737484530078381,0.01501492392438545,0.012867334805503653,0.013188866509743017,0.014578126137494237,0.01696838069353782,0.02078429469290689,0.0311036424082118,0.044771773156349344,0.033002499454002764,0.02183382270863161,0.01863670557402509,0.01525152272561819,0.013473998398408115,0.013225266325317285,0.014705525492004174,0.016992647237253997,0.020844961052197335,0.020250430731150963,0.012952267708510276,0.23502147589118882,0.2747276080467859,ulaiense
0.02783548784241305,0.012234533702677746,0.017736226531240382,0.023237919359803016,0.024180517082179134,0.03347183748845799,0.04755309325946445,0.09112419205909511,0.13134810710987996,0.09749153585718683,0.054901508156355805,0.04049322868574946,0.02948984302862419,0.024565250846414283,0.018486457371498923,0.011580486303477994,0.19725300092336104,0.11701677439212066,0.02798938134810711,0.008848876577408434,0.01183056325023084,0.012253770390889504,0.01213835026161896,0.012696214219759926,0.013407971683594953,0.015524007386888273,0.020352416128039397,0.026950600184672206,0.04176285010772545,0.06900200061557402,0.09572176054170514,0.07046398891966758,0.04403277931671284,0.03166358879655279,0.021929824561403508,0.019063558017851645,0.013811942136041859,0.012523084025854109,0.01296552785472453,0.012830871037242229,0.010060787934749153,0.007040627885503232,0.18938519544475224,0.18574946137273007,nordicum
0.03999220985960812,0.016689529035208046,0.024411929075852257,0.026456840928720214,0.025068163728428933,0.02742637470575285,0.033294382631373944,0.04459431997154905,0.05739724635472235,0.04737167437213162,0.03605056817219597,0.029568663313519282,0.027138478213009534,0.0280148690070958,0.026317126454300666,0.016431268946129486,0.34131399346305613,0.15246236176734576,0.04193974495757761,0.013327914105234635,0.017858050093989736,0.017426205354874765,0.013937577266338127,0.011308404884079325,0.010228793036291893,0.011155989093803451,0.012917238225880201,0.015440566309336315,0.01890379176616031,0.02517400802723162,0.031092821216278006,0.02536876153702857,0.019568493962641195,0.01630002201561415,0.01354807024674423,0.011875730325661738,0.010326169791190368,0.011714846991481651,0.013751291300445393,0.017527815881725348,0.017913089129367135,0.012375315416010432,0.3395612118748836,0.24945807719013022,roqueforti
0.05127723516153268,0.02313708080049177,0.031316166928488494,0.02884024315279011,0.022197937299364798,0.02224916330851718,0.02868656512533297,0.05604125401270405,0.10120551874871934,0.057748787651116726,0.030240420736288506,0.025852059285567927,0.024690936411447307,0.029028071853015504,0.030564852127586913,0.020780684379482276,0.2226282357762448,0.19351478724130866,0.04934772215012636,0.017297315757120416,0.021327095143774333,0.018919472713612457,0.013660269107301413,0.00903285294720306,0.0077351273820094255,0.00734239464517451,0.008896250256130046,0.01087698927668875,0.017758349839491837,0.04538624410900895,0.07489242538078,0.040553923912301074,0.01844136329485691,0.01309678300662523,0.010023222457482413,0.008674270883136399,0.0076839013728570455,0.009049928283587187,0.011713680759510962,0.017672973157571204,0.020712383033945767,0.015623932791475992,0.2146540536848576,0.3096270746533707,griseofulvum
0.019563763376932223,0.010905915576694411,0.015476367419738407,0.019712395957193818,0.019749554102259214,0.030952734839476814,0.043623662306777646,0.09564506539833531,0.14019768133174793,0.09657401902497027,0.05564432223543401,0.043846611177170036,0.030060939357907254,0.02660523186682521,0.021979042806183114,0.014194411414982164,0.20193593935790724,0.11333234244946493,0.020641349583828777,0.00871358501783591,0.009884066587395957,0.0111474435196195,0.011035969084423305,0.012113555291319857,0.01248513674197384,0.015439209274673009,0.020195451843043995,0.027088287752675386,0.0380313614744352,0.07333159928656362,0.10865041617122473,0.06612291914387634,0.03987068965517242,0.029280618311533887,0.022833680142687277,0.019768133174791914,0.01690695600475624,0.015625,0.014844678953626634,0.014250148632580261,0.012373662306777646,0.007654577883472057,0.18746284185493461,0.18424866230677764,neoechinulatum
0.03362511573099907,0.01329854389361165,0.02013719383890245,0.0247243498022052,0.024787475801700192,0.030847571753219425,0.04488258564093932,0.08923912128608703,0.14834609881323121,0.09149061526807507,0.044230283646157734,0.03135257974917936,0.024913727800690177,0.02596582779227338,0.020053025839575793,0.013950845888393232,0.18737900850096792,0.13077602895379176,0.031015907751872736,0.010584125915326993,0.013656257890749937,0.01441376988468984,0.012498947900008417,0.012351653901186768,0.01294082989647336,0.015423785876609713,0.016959851864321186,0.022367645821058834,0.03652891170776871,0.07282636141738912,0.11055466711556267,0.07051174143590606,0.03373032573015739,0.023377661812978706,0.01603400387172797,0.013992929888056562,0.01188872990489016,0.012456863900345089,0.013551047891591617,0.013887719888898241,0.012519989899840081,0.009553067923575456,0.17814157057486743,0.20823163033414696,expansum
0.042459347433308536,0.017642682537995537,0.023514719948985015,0.02699542990753534,0.027367414177914762,0.029546179190137103,0.033452014029121055,0.07043787862684664,0.13585396960357105,0.06894994154532894,0.03812838771389095,0.0327080454883622,0.030157296205760444,0.030316718035923052,0.02781910936337549,0.016845573387182487,0.19821447550217877,0.14959081730258264,0.04676373684769901,0.014959081730258263,0.01836008077372728,0.017376979487724518,0.014161972579445212,0.012966308853225635,0.01320544159846955,0.01256775427781911,0.013550855563821873,0.014082261664363906,0.020405994260814114,0.05335317249442024,0.093261770645127,0.04253905834838984,0.023195876288659795,0.014480816239770433,0.01304601976830694,0.012328621532575194,0.01333829312360506,0.01567647996599001,0.0185992135189712,0.020724837921139334,0.01801466680837496,0.01118609841640982,0.19635455415028163,0.25550005314061003,formosanum
0.025379394853426336,0.01081628805730983,0.018227448392873973,0.025202658120463756,0.03001578848147799,0.037910029220473186,0.05067631256480347,0.07574347252332925,0.09858374964652654,0.0784475445376567,0.05075878970685267,0.03975987369214817,0.03259025355829956,0.028183617683099255,0.02003016306909228,0.01077504948628523,0.26830992553492317,0.09858964087095862,0.035789188424922236,0.008748468281647657,0.014056461494957113,0.018286360637194833,0.019046328588933924,0.018533792063342446,0.017714911867282496,0.018280469412762748,0.020401310208313695,0.023718069563578095,0.02954449052691111,0.039530115939296825,0.04745970402488453,0.04084975021208408,0.031188142143463098,0.024183476293712886,0.019847535111697616,0.01760886982750495,0.01722594023941936,0.018180318597417287,0.01984164388726553,0.018221557168441888,0.014032896597228768,0.00842445093788293,0.2732821189556037,0.18600362899425016,polonicum
0.040980320090881754,0.01540312071903505,0.02592802967021952,0.03298640114938688,0.034540078185037924,0.03912593137091116,0.04423803000434361,0.059139964582846066,0.06981522937619032,0.06168766079722009,0.048848942497243475,0.04234187577266196,0.037363426776704865,0.03373818036018577,0.026454275117778744,0.015495004844799359,0.22378796485014535,0.14812556383440809,0.045950415984496645,0.01207858598683551,0.018151291389622105,0.020815931036787062,0.02018944836112132,0.01792575762638244,0.016647732968024326,0.016656086070366533,0.018226469310701994,0.020665575194627285,0.023079621771525945,0.030772829028701258,0.037756022586788736,0.03062247318654148,0.024441177453306158,0.022904206622339537,0.02018944836112132,0.018911423702763205,0.018326706538808513,0.019153663670687292,0.019796852551037455,0.020757459320391594,0.01712385980153029,0.010892445454241706,0.2235874903939323,0.254377025627318,tulipae
0.026133064007069814,0.011243845474056305,0.017066973866935994,0.023876404494382022,0.0301335058704709,0.04090392627193536,0.05347336194924883,0.0816973866935993,0.10285948743845474,0.08598188360055549,0.059604216639313215,0.04588277995202626,0.03376309809367504,0.027001009973488196,0.0194814417371544,0.01032855700037874,0.2191484661027648,0.1114205908344906,0.02724561292766065,0.00820603459159197,0.011464777174599167,0.013027079914152254,0.014502588057063502,0.014920780204519632,0.017690316879181923,0.020309935614190127,0.024349829566973867,0.030827862643605604,0.03828430753692716,0.05584048731220805,0.0689149097336195,0.05578525438707234,0.04081713167529352,0.032666330008837265,0.025470268905441233,0.02183278626436056,0.017753440222194168,0.016112233303875772,0.015267958591086985,0.01351628582249716,0.011472667592475698,0.006872553970458275,0.21484818836005554,0.18200037874005806,solitum
0.0458362188365651,0.019747662742382273,0.029053410664819944,0.03112015235457064,0.028534020083102494,0.03203990650969529,0.04000389542936288,0.05823666897506925,0.07752986495844875,0.062445896814404434,0.04186504501385042,0.034290599030470915,0.030535837950138506,0.03244027008310249,0.028847818559556787,0.018211132271468145,0.21957236842105263,0.16968923130193905,0.046204120498614956,0.014845914127423823,0.020753981994459835,0.01955289127423823,0.016285058864265928,0.012833275623268699,0.011318386426592797,0.011902700831024932,0.014607860110803323,0.018622316481994458,0.02382704293628809,0.03709314404432133,0.05192823753462604,0.03799125692520776,0.025579986149584486,0.01983422783933518,0.015343663434903046,0.013590720221606649,0.012119113573407203,0.013796312326869805,0.016133569944598337,0.01965027700831025,0.01934729916897507,0.012735889889196677,0.21402138157894737,0.28008137119113574,discolor
0.04622616699539776,0.01905982905982906,0.027159763313609468,0.028422090729783037,0.02623931623931624,0.028231426692965154,0.034201183431952664,0.0505982905982906,0.067146614069691,0.05374095989480605,0.03785667324128863,0.030637738330046023,0.026890203813280736,0.030157790927021696,0.02823800131492439,0.01868507560815253,0.2789677843523997,0.16754109138724524,0.04904010519395135,0.01500328731097962,0.01972386587771203,0.018132807363576593,0.014865220249835635,0.010880999342537804,0.010046022353714662,0.01101249178172255,0.012241946088099934,0.014917817225509533,0.019441157133464827,0.028178829717291257,0.04059171597633136,0.029815910585141353,0.020900723208415517,0.017310979618671927,0.013090072320841552,0.012333990795529257,0.009940828402366864,0.010959894806048653,0.013780407626561473,0.01935568704799474,0.01992110453648915,0.014017094017094018,0.2762458908612755,0.27825115055884286,polonicum
0.022018798083901874,0.012665118304543475,0.014298156481347074,0.02180105966032806,0.01969625489911453,0.03374038321962549,0.04929960807083757,0.08474560894179126,0.09686638118740021,0.08605203948323414,0.058408332123675424,0.04675932646247641,0.02851466105385397,0.028578168094062998,0.021574248802438672,0.013953403977355203,0.22990455799100015,0.1311238931630135,0.022662940920307736,0.01010669182755117,0.009752866889243723,0.0097982290608216,0.009952460444186384,0.011966540862244157,0.010995790390477572,0.015786035709101465,0.020766802148352446,0.029721294817825518,0.042504354768471475,0.05998693569458557,0.07047466976339091,0.059206706343446075,0.04360211932065612,0.03282406735375236,0.02251778197125853,0.018779939033241398,0.013663086079256787,0.0134725649586297,0.014016911017564233,0.01443424299608071,0.01300079837421977,0.008147046015386848,0.21523443170271447,0.20662469153723326,nalgiovense
0.042373719394011314,0.01736481942961117,0.025295676595071398,0.02754044539377398,0.02551323128040821,0.02875677386179344,0.03792373719394011,0.06338752422768086,0.10501957992168032,0.06551362683438156,0.03673707527392113,0.030111546220481785,0.025997784897749298,0.028875440053795342,0.028015110161781574,0.019471144337644873,0.22731497962897038,0.16478778529330326,0.03990150706063843,0.013755389422886753,0.01755270756694751,0.01623749060559313,0.014150943396226415,0.012123729282860646,0.012222617776195563,0.01259839405086824,0.01456627506823306,0.01913492346030616,0.024712234484395395,0.04421304537004074,0.07547169811320754,0.04464815474071437,0.024524346347059058,0.01799770578695463,0.014348720382896247,0.012113840433527154,0.01037340295083264,0.012637949448202207,0.014091610300225465,0.017849373046952256,0.018492148253629208,0.012934614928206955,0.21781179541948498,0.26553538230291523,sclerotigenum
0.02277663465935071,0.014117512574302698,0.014822435604328608,0.019899786617893614,0.015317786922725195,0.025805898491083678,0.03835162322816644,0.08443834781283341,0.10558603871361073,0.0852766346593507,0.048001447950007624,0.04188576436518823,0.02465325407712239,0.028425544886450237,0.024958085657674135,0.01627991159884164,0.2406359548849261,0.1487673372961439,0.021081008992531625,0.011564548087181832,0.009887974394147233,0.008668648071940253,0.007963725041914343,0.009059213534522177,0.007496951684194482,0.010583371437280902,0.01534636488340192,0.02287189452827313,0.03869455875628715,0.06528158817253467,0.07992303002591068,0.06203322664228014,0.04059023014784332,0.025701112635269013,0.01791838134430727,0.015889346136259717,0.010564319463496417,0.012078951379362901,0.014355662246608749,0.015374942844078646,0.015051059289742418,0.009297363206828228,0.2190214906264289,0.2337010364273739,Eupenicillium egyptiacum
0.03191884661117717,0.012633769322235434,0.02121730083234245,0.026196492271105827,0.027645659928656363,0.03178879310344827,0.040985434007134364,0.07832936979785969,0.15964997027348396,0.07407476218787158,0.04444114149821641,0.03557892390011891,0.029299197384066587,0.02584348989298454,0.021310196195005945,0.011481866825208086,0.20009661117717004,0.1275081747919144,0.03520734244946492,0.009196640903686088,0.014900416171224732,0.015383472057074911,0.014937574316290132,0.013098246135552914,0.012652348394768134,0.014714625445897741,0.016628269916765755,0.020715665873959573,0.028203032104637336,0.06404206302021404,0.12059675980975029,0.05421373365041617,0.028741825208085613,0.021588882282996432,0.018839179548156955,0.01651679548156956,0.013135404280618311,0.013822829964328182,0.013711355529131986,0.014844678953626634,0.013655618311533889,0.008899375743162902,0.19506168252080855,0.20669218192627825,thymicola
0.04341167297839162,0.022151370015593672,0.0256042548451771,0.025409333927378035,0.020146469146803295,0.02468534194698151,0.03299732679884161,0.062708843840499,0.08803464023167744,0.06471374470928938,0.038900646023613275,0.029224214747159725,0.023293049676988194,0.02876475829806193,0.02941913566495879,0.020035085765203832,0.22975607039429716,0.19074404098908443,0.037536199599019826,0.015162062820227222,0.01633158832702161,0.01308754733793718,0.009996658498552016,0.008019603475161506,0.008590443305858765,0.009954889730452216,0.01286478057473825,0.018768099799509913,0.028792604143461794,0.04976052572956115,0.06773501893517488,0.0482290042325685,0.030950657161951438,0.021510915571396748,0.015050679438627756,0.012224326130541323,0.009551124972154155,0.010149810648251281,0.011959790599242593,0.01606705279572288,0.016540432167520606,0.013101470260637113,0.2138700155936734,0.2841946981510359,percisinum
0.02856292542962669,0.012179115411617472,0.01877232074722994,0.02618967674979396,0.031241415097219255,0.04017734501388846,0.05276090473428772,0.07861481639754586,0.09971459967644455,0.08353682732517323,0.05827050456335277,0.044733066756204025,0.034652483135435425,0.028410304935746773,0.019169134031317727,0.011301547571807942,0.2171637007417356,0.1145493116815726,0.029905985775769972,0.008233875644821587,0.012919324806935075,0.015139952992887885,0.015124690943499892,0.01655169256127713,0.017795549586398462,0.020680076920728915,0.023030432526479655,0.02940233814596624,0.03724703153139403,0.051822288696926226,0.06327645676261408,0.05326455236409145,0.039688959433472726,0.031226153047831263,0.025136595342022526,0.021290558896248587,0.01824578004334422,0.016299868746375262,0.01606330698086139,0.015460456030035713,0.011484692164463845,0.007684441866853881,0.2139891944690333,0.18903574371966667,solitum
0.05181301652892562,0.023889462809917356,0.03115702479338843,0.02709194214876033,0.019953512396694215,0.020516528925619833,0.02712293388429752,0.04317148760330578,0.056673553719008264,0.04669938016528925,0.029049586776859503,0.02181818181818182,0.020170454545454547,0.028104338842975207,0.03340909090909091,0.02381714876033058,0.30023760330578514,0.1953047520661157,0.053130165289256195,0.018987603305785125,0.02296487603305785,0.01715909090909091,0.00972107438016529,0.006864669421487603,0.00615702479338843,0.006456611570247934,0.008125,0.011575413223140495,0.016363636363636365,0.024855371900826446,0.03503099173553719,0.02715909090909091,0.017675619834710745,0.012479338842975207,0.00899793388429752,0.007081611570247934,0.006053719008264463,0.006327479338842975,0.010304752066115702,0.017789256198347106,0.023729338842975206,0.0181146694214876,0.2959607438016529,0.3109349173553719,olsonii
0.039578416400573836,0.0164861863112592,0.025799435420426675,0.02793974732750243,0.025776296913323154,0.028934703132953862,0.04185755935027072,0.07360359109630246,0.1038456198806053,0.07286315886898977,0.04080475727706048,0.030080059234578186,0.026204359294738303,0.02835624045536582,0.027291869128603822,0.017677819427090565,0.2192142162987644,0.153685964181591,0.03891896894812347,0.013455041880697858,0.017932343005229303,0.0173423110740895,0.013536026655560184,0.011673376833726688,0.011256883705863297,0.013813688740802443,0.01609283169049933,0.020882502660928316,0.03070479892637327,0.05135591651626637,0.07052616965153408,0.04838261835346384,0.02987181267064649,0.019794992827062798,0.014056643065389422,0.011893192651210143,0.010366051182377713,0.011858484890554861,0.013790550233698922,0.017423295848951827,0.01827942061178213,0.011534545791105558,0.21390392891850618,0.251353602665556,echinulatum
0.02924952823341559,0.011639933226883437,0.018689214690085644,0.024867542458992597,0.03039265495717811,0.04098925823777036,0.05627631005951517,0.08190593700101612,0.09956089417912614,0.08696835534910727,0.05878030193061402,0.04553454782987371,0.03333212367542459,0.026917912614312672,0.01969625489911453,0.011440339671940775,0.21315684424444767,0.1106020467411816,0.036897590361445784,0.009598635505878937,0.013853607199883872,0.015541079982580926,0.01683843808970823,0.016747713746552473,0.016548120191609814,0.01953295108143417,0.02225468137610684,0.027679997096821018,0.0355548700827406,0.04832885759907098,0.06166533604296705,0.052647336333284944,0.03792277543910582,0.029104369284366383,0.023751633038176803,0.020168021483524458,0.017001741907388592,0.01675678618086805,0.016684206706343446,0.01678400348381478,0.013109667586006677,0.00841014661053854,0.21368304543475106,0.19293438815502975,radicicola
0.04189658379316759,0.016089032178064355,0.02594705189410379,0.02760555521111042,0.026102052204104408,0.028349556699113397,0.038734577469154936,0.06758013516027032,0.1190247380494761,0.07261764523529048,0.04138508277016554,0.03399156798313597,0.029589559179118357,0.029806559613119225,0.025993551987103975,0.015081530163060327,0.2098239196478393,0.15038130076260153,0.04177258354516709,0.01302002604005208,0.017716535433070866,0.017174034348068697,0.014601029202058404,0.01294252588505177,0.011981523963047925,0.013066526133052266,0.015174530349060697,0.018383036766073533,0.024459048918097834,0.04896459792919586,0.08388616777233554,0.04921259842519685,0.02478454956909914,0.01835203670407341,0.014074028148056297,0.014167028334056668,0.013206026412052823,0.015128030256060512,0.016957033914067828,0.01960753921507843,0.017220534441068882,0.010896521793043587,0.20348440696881392,0.24976749953499908,entromorphobium
0.026546698393813205,0.01223230220107079,0.015913146936347412,0.02048631766805473,0.018552944675788222,0.023758179654967283,0.033350684116597265,0.10362135633551457,0.20757733491969066,0.0956276026174896,0.03498661511005354,0.027587745389649018,0.02279149315883403,0.022233789411064842,0.019222189173111245,0.010856632956573468,0.18768590124925638,0.11696906603212373,0.028405710886377156,0.009555324211778703,0.010893813206424748,0.012306662700773349,0.010707911957168352,0.009815585960737656,0.008625817965496729,0.010670731707317074,0.01156305770374777,0.015764425936942297,0.02825698988697204,0.0998661511005354,0.16812908982748365,0.07328227245687091,0.026212076145151697,0.015392623438429506,0.011860499702558001,0.010484830458060678,0.009443783462224867,0.011711778703152886,0.010745092207019632,0.01226948245092207,0.012381023200475906,0.006803985722784057,0.18248066627007734,0.19237061273051756,Eupenicillium osmophilum
0.04162721893491124,0.016420118343195265,0.024245562130177516,0.029718934911242605,0.029911242603550294,0.034822485207100594,0.04445266272189349,0.0639792899408284,0.08732248520710059,0.07232248520710059,0.05032544378698225,0.03547337278106509,0.03022189349112426,0.02893491124260355,0.023372781065088756,0.01591715976331361,0.2171449704142012,0.15378698224852072,0.040502958579881655,0.012337278106508877,0.01742603550295858,0.015976331360946745,0.013579881656804734,0.011893491124260355,0.01128698224852071,0.013254437869822486,0.017455621301775148,0.023076923076923078,0.031272189349112425,0.0475887573964497,0.06264792899408284,0.050399408284023665,0.03547337278106509,0.025710059171597632,0.01769230769230769,0.014186390532544378,0.011597633136094675,0.011686390532544378,0.013372781065088758,0.015355029585798817,0.015088757396449704,0.010606508875739645,0.21122781065088758,0.24930473372781065,dipodomyis
0.04111783552865789,0.018890174439302243,0.025209149163403347,0.025031149875400498,0.02440815236739053,0.029436632253470985,0.04142933428266287,0.07282395870416518,0.09318262726949092,0.07718494126023497,0.04592381630473478,0.03279636881452474,0.027567639729441082,0.026343894624421504,0.026210395158419365,0.015886436454254183,0.21235315058739765,0.16420434318262728,0.03847009611961552,0.014328942684229263,0.0172436810252759,0.015374688501245995,0.011614453542185831,0.009478462086151655,0.00912246351014596,0.010145959416162335,0.015040939836240655,0.02040316838732645,0.03199537201851193,0.05615877536489854,0.06939747241011036,0.053755784976860094,0.034153613385546455,0.022316660733357068,0.014796190815236738,0.01134745461018156,0.009411712353150588,0.011013705945176219,0.013082947668209327,0.01590868636525454,0.015619437522249912,0.011480954076183695,0.20556692773228907,0.26277144891420434,mononematosum
0.022106881968473664,0.012783544790465206,0.015378700499807767,0.0196078431372549,0.021434063821607074,0.03364090734332949,0.05613225682429835,0.11591695501730104,0.157920030757401,0.11524413687043444,0.0589196462898885,0.03767781622452903,0.023164167627835446,0.020857362552864283,0.016916570549788543,0.012014609765474818,0.14965397923875431,0.11063052672049212,0.024125336409073432,0.009034986543637063,0.010380622837370242,0.009419454056132258,0.008266051518646674,0.010188389081122646,0.011053440984236832,0.0131680123029604,0.020569011918492888,0.03373702422145329,0.05151864667435602,0.09659746251441753,0.13504421376393694,0.07698961937716263,0.050557477893118034,0.03335255670895809,0.01845444059976932,0.012206843521722414,0.008938869665513265,0.007016532103037294,0.007977700884275279,0.009034986543637063,0.010284505959246444,0.0062475970780469054,0.14282968089196463,0.1830065359477124,Eupenicillium tularense
0.04099348072562358,0.018636621315192742,0.0261125283446712,0.026821145124716554,0.023596938775510203,0.026537698412698412,0.038229875283446714,0.07341269841269842,0.12032312925170068,0.08365221088435375,0.04350907029478458,0.03334041950113378,0.02568735827664399,0.028521825396825396,0.026254251700680274,0.015589569160997732,0.19947562358276644,0.14930555555555555,0.044642857142857144,0.0143140589569161,0.019982993197278913,0.017538265306122448,0.01505810657596372,0.011585884353741497,0.00977891156462585,0.009672619047619048,0.012436224489795918,0.017042233560090703,0.028592687074829932,0.055980725623582764,0.08375850340136054,0.0545280612244898,0.030612244897959183,0.017892573696145126,0.013570011337868481,0.01225907029478458,0.00992063492063492,0.01257794784580499,0.014526643990929705,0.01913265306122449,0.01668792517006803,0.011089852607709751,0.19522392290249432,0.25159438775510207,freii
0.03224721261053441,0.013528450595924644,0.02177047289504037,0.022251057285659362,0.022275086505190313,0.029147443291041908,0.0428921568627451,0.09268069973087274,0.15184063821607074,0.09311322568242983,0.04666474432910419,0.03198289119569396,0.024846212995001924,0.023500576701268743,0.020881391772395234,0.012927720107650904,0.18959054209919263,0.127859477124183,0.029267589388696655,0.011005382545174932,0.013624567474048443,0.013432333717800846,0.012759515570934256,0.011485966935793925,0.012278931180315263,0.014826028450595925,0.017373125720876587,0.022058823529411766,0.03544309880815071,0.07465878508266051,0.11627739331026528,0.07033352556708958,0.03573144944252211,0.021866589773164167,0.01578719723183391,0.014874086889657825,0.011485966935793925,0.011389850057670127,0.012783544790465206,0.012687427912341407,0.013023836985774702,0.008818723567858516,0.1799548250672818,0.20677143406382162,expansum
0.0236790844898953,0.010287314341368396,0.01613099586072559,0.02114276438600763,0.022258745231718204,0.03283012742472202,0.04760165570976382,0.09960636311987664,0.14730947163379596,0.10522684847009171,0.05809187565944323,0.03814625436247058,0.026053080107134162,0.02394286178069962,0.017713659605551497,0.010814868922977032,0.19754890025160296,0.10161512864215567,0.0221775829883938,0.008197386575764954,0.010287314341368396,0.010936612287963639,0.011200389578767957,0.010916321727132538,0.011748234721207694,0.015562860157454752,0.019174579985390797,0.02763574385196007,0.04419284149013879,0.08465221978735492,0.105084814544274,0.0798839379920461,0.04514649784920055,0.031146010875740607,0.022664556448340232,0.018687606525444364,0.013229445661878095,0.012316370424478532,0.011707653599545492,0.012214917620323026,0.009658306955604252,0.006614722830939048,0.18724129534940345,0.16772177582988393,nordicum
0.04421487603305785,0.018920454545454546,0.02709194214876033,0.027138429752066116,0.024245867768595043,0.027551652892561982,0.036322314049586774,0.050041322314049584,0.06099173553719008,0.052851239669421485,0.036585743801652894,0.029121900826446282,0.025397727272727273,0.028713842975206613,0.028450413223140496,0.01881714876033058,0.2972004132231405,0.16634297520661157,0.04494318181818182,0.014762396694214875,0.01940599173553719,0.01681301652892562,0.0125,0.009731404958677687,0.009690082644628098,0.011389462809917355,0.014302685950413223,0.01790289256198347,0.022174586776859503,0.029364669421487605,0.03636363636363636,0.030795454545454546,0.023052685950413224,0.01827479338842975,0.014612603305785125,0.01168904958677686,0.009860537190082645,0.010149793388429753,0.011983471074380166,0.01737603305785124,0.01916322314049587,0.013150826446280992,0.2943904958677686,0.26615702479338843,paneum
0.04136996492719736,0.01673929216707408,0.023567860559039217,0.026331172281857797,0.02346157933893081,0.02752683600807737,0.03446168562015092,0.06964076947603358,0.13391433733659264,0.06698373897332341,0.03892549686470401,0.03390370921458178,0.02672972685726432,0.030529280476139866,0.027234562652779255,0.016845573387182487,0.2047773408438729,0.15705707301519822,0.04469125305558508,0.013843128919119992,0.01782867467318525,0.01642044850674886,0.013152300988415347,0.012195770007439686,0.010840684451057498,0.011239239026464024,0.01336486342863216,0.013922839834201296,0.020910830056329047,0.05733871824848549,0.09435115315123818,0.040121160590923584,0.022584759273036454,0.017137846742480603,0.01426825379955362,0.012860027633117228,0.01195663726219577,0.01429482410458072,0.015942183016261026,0.020326283345732808,0.017456690402805824,0.01115952811138272,0.19805505367201615,0.26373684769901157,formosanum
0.05021837022569445,0.020338270399305556,0.028822157118055556,0.030897352430555556,0.027147081163194444,0.028896755642361112,0.034247504340277776,0.049370659722222224,0.064697265625,0.052266438802083336,0.037421332465277776,0.030951605902777776,0.029005262586805556,0.031758626302083336,0.031378851996527776,0.020161946614583332,0.2503323025173611,0.18208821614583334,0.05295138888888889,0.015889485677083332,0.021470811631944444,0.019822862413194444,0.014655219184027778,0.011366102430555556,0.010362413194444444,0.010850694444444444,0.012105305989583334,0.014885796440972222,0.019029405381944444,0.027716742621527776,0.037740071614583336,0.028883192274305556,0.020378960503472224,0.016181098090277776,0.0125732421875,0.011372884114583334,0.010613335503472222,0.011393229166666666,0.014519585503472222,0.020284016927083332,0.02099609375,0.015265570746527778,0.24931504991319445,0.29937744140625,polonicum
0.037384883768104185,0.016085845267556492,0.025173435027790174,0.03146172258509473,0.03456529676660311,0.037902146131688914,0.04384559211327031,0.05930260862509635,0.07546959308694065,0.06478964663880887,0.04962675970627611,0.04192867864822102,0.034818856748752486,0.03220211773297091,0.025974684571382207,0.015599010101829689,0.2223518195464319,0.15151730293318189,0.036238792648789,0.011663759178871354,0.015315022921822387,0.01687695241186255,0.016745101221144875,0.01609598766684247,0.015193314130390686,0.018185321919753337,0.020416649762667858,0.02311452797273723,0.028631993184307678,0.04110714430605704,0.050732281228447404,0.04183739705464725,0.03198912734796543,0.026491946934966936,0.02201914884985192,0.01880400827619782,0.016349547648991845,0.015467158911112012,0.01582214288612114,0.01646111404113757,0.015061462939673009,0.009706276116678162,0.2155868392226865,0.24408698121627653,flavigenum
0.04376232741617357,0.02000123274161736,0.028774243918474687,0.03080826758711374,0.028733152531229454,0.0301405325443787,0.03955046022353715,0.06181171926364234,0.0825628698224852,0.06510930309007232,0.04247822156476003,0.03368466469428008,0.029986439842209073,0.03156845825115056,0.030017258382643,0.018768491124260354,0.2197464661406969,0.16249589086127547,0.04607371794871795,0.015203813280736358,0.02073060486522025,0.019816321499013807,0.016025641025641024,0.012491781722550954,0.011474769888231427,0.011680226824457594,0.013406065088757397,0.017484385272846813,0.024634286653517422,0.039858645627876395,0.05402490138067061,0.04031065088757396,0.02665803747534517,0.019528681788297173,0.015039447731755425,0.01275887573964497,0.010827580539119001,0.013056788297172913,0.016220825115055883,0.02010396120973044,0.02011423405654175,0.013282790927021696,0.2164283366206443,0.2727646285338593,discolor
0.02268732853223594,0.00945216049382716,0.015121313443072703,0.02187821502057613,0.027670610425240053,0.036485125171467764,0.050427597736625515,0.07799639917695474,0.10132673182441701,0.08039158950617284,0.052067258230452676,0.03783543381344307,0.02991576646090535,0.024337705761316872,0.017730838477366256,0.009489669067215363,0.29500492969821673,0.09018132716049383,0.031887645747599454,0.007346322016460905,0.011917009602194788,0.01490162037037037,0.01675025720164609,0.01741469478737997,0.016685956790123458,0.017827289094650207,0.020677940672153634,0.02549511316872428,0.03201624657064472,0.043799296982167356,0.0517082475994513,0.042770490397805214,0.03294860253772291,0.025532621742112484,0.020233196159122085,0.017854080932784636,0.01602687757201646,0.016873499657064472,0.01742005315500686,0.016144761659807955,0.012217078189300411,0.007207004458161866,0.2989165380658436,0.1674275548696845,polonicum
0.04986149584487535,0.018211132271468145,0.029897420360110803,0.0341174688365651,0.03446372922437673,0.035978618421052634,0.03903003808864266,0.04866040512465374,0.059729916897506924,0.051755107340720224,0.04144304016620499,0.03913824445983379,0.03622749307479224,0.03503722299168975,0.029745931440443213,0.017507790858725763,0.22485283933518005,0.17434210526315788,0.05530427631578947,0.014824272853185596,0.021944252077562326,0.022333795013850414,0.019065962603878116,0.01574402700831025,0.014337344182825484,0.014012725069252078,0.014304882271468145,0.015451869806094183,0.01747532894736842,0.02150060595567867,0.030211218836565096,0.024249047783933518,0.01811374653739612,0.01689101454293629,0.015798130193905816,0.01575484764542936,0.015062326869806094,0.017356301939058173,0.020732340720221606,0.02331847299168975,0.0204077216066482,0.013569078947368422,0.22282938019390583,0.2994070290858726,tulipae
0.040222015034088926,0.017190140434706604,0.024896567799079308,0.028116077151681136,0.02744595303304003,0.03325855136647048,0.04229065905250277,0.06776994347648739,0.09477885904084843,0.07508303711904901,0.047433133267292114,0.03540003496299749,0.028480275042246955,0.027824718839228484,0.025406444845871453,0.014902977681953266,0.21538663248062467,0.15411397937183147,0.03966843424042888,0.012572111182332032,0.01743779500029136,0.015849892197424394,0.01341705028844473,0.011581492919993008,0.011479517510634578,0.01245556785735097,0.01589359594429229,0.020861255171610044,0.03305460054775363,0.049312394382611736,0.06779907930773264,0.052954373288269914,0.03563312161295962,0.02475088864285298,0.017379523337800826,0.013358778625954198,0.012193345376143581,0.011494085426257211,0.012382728279237807,0.016039275100518616,0.01481557018821747,0.011027912126332964,0.20909329293164733,0.24749431851290718,dipodomyis
0.027838565777291473,0.013151249894790001,0.020789495833684033,0.024408719804730243,0.02588165979294672,0.03091069775271442,0.04223129366214965,0.09691945122464439,0.18538001851695984,0.08730325730157394,0.03617119771063042,0.02666021378671829,0.02097887383216901,0.0252503997979968,0.02466122380271021,0.01599191987206464,0.18415958252672335,0.11131217910950257,0.03118424375052605,0.009994949920040401,0.015002945879976432,0.014434811884521505,0.014897735880818113,0.015507953875936368,0.01677047386583621,0.018495917852032657,0.018790505849675954,0.02255702381954381,0.030889655752882755,0.07173217742614257,0.1242109250063126,0.0660508374715933,0.029984849760121203,0.019758437841932496,0.013698341890413265,0.011278511909771905,0.009300563925595489,0.010520999915832,0.015171281878629745,0.018790505849675954,0.017107145863142832,0.011236427910108577,0.1779942765760458,0.19463849844289202,entromorphobium
0.05102656177188125,0.021079466023409446,0.029611304514678874,0.030591266686768454,0.025321400180916092,0.026260245059071846,0.03213316520928702,0.04458485238891478,0.06285463666017928,0.04825799731367013,0.034120501082755404,0.029412570927332037,0.027630821523532797,0.03241413338450152,0.03187960856336175,0.020572352731558892,0.2689893369151065,0.18325977906307392,0.052328609413119155,0.016645651160878266,0.02168937255009457,0.02027767879169979,0.013856528055700227,0.010628820481894685,0.009223979605822209,0.009854444779474248,0.011492283654505085,0.01321235711740358,0.016679915572489788,0.025389929004139142,0.03773882294893232,0.02597927688385735,0.01853704668183438,0.01478166716921137,0.011821222005975714,0.010615114717250075,0.00951180066335901,0.011355226008058989,0.014672021052054495,0.02031194320331131,0.02255283572270497,0.01565883610646638,0.26619336092760615,0.29899125572215673,polonicum
0.023275047258979206,0.013402351134215501,0.014857041587901701,0.020136755671077505,0.016791706049149337,0.0276538870510397,0.04215648629489603,0.08676453213610585,0.10749202504725898,0.08751772211720227,0.05304820415879017,0.04171343336483932,0.02560107514177694,0.028096939981096407,0.02179820415879017,0.0143992202268431,0.23523156899810965,0.14006379962192816,0.02377717391304348,0.011002481096408317,0.010212370037807183,0.009510869565217392,0.009104737712665406,0.009377953686200377,0.00866906899810964,0.011534144612476371,0.01589821597353497,0.024323605860113423,0.03949078449905482,0.06684930293005671,0.07779271030245746,0.06334918478260869,0.04166912807183365,0.02670132325141777,0.018069175330812856,0.015565926275992438,0.010633270321361058,0.011807360586011343,0.013136519376181474,0.014509983459357279,0.013298972117202268,0.008373700378071834,0.22235349716446126,0.22298853969754254,Eupenicillium egyptiacum
0.03640457872021017,0.014543066241321073,0.021873240758115968,0.0273151623193845,0.02896884969037343,0.033871270407205854,0.04203415274910865,0.06958388065303059,0.09787249014824545,0.07144867705010322,0.04490758115969225,0.03769468943516607,0.032979921185963594,0.030423156314505536,0.02373803715518859,0.014730718708951023,0.22438543816851192,0.14722508913492213,0.04203415274910865,0.011974573090636141,0.01663069994370426,0.018014636892475136,0.017170200788140366,0.014742446988177895,0.013147401013323325,0.013991837117658097,0.014812816663539126,0.01848376806155001,0.027092325014073933,0.04516560330268343,0.06376665415650216,0.043300806905610806,0.026118877838243574,0.01971523738037155,0.015493056858697693,0.015528241696378307,0.013464064552448864,0.015387502345655845,0.01688872208669544,0.018518952899230626,0.01623193844999062,0.010391255395008445,0.22344717583036217,0.24848705197973353,nalgiovense
0.04735294117647059,0.018961937716262974,0.027050173010380624,0.028122837370242213,0.02736159169550173,0.029186851211072666,0.03527681660899654,0.05555363321799308,0.07717993079584776,0.0607439446366782,0.03897058823529412,0.031972318339100345,0.02935121107266436,0.030657439446366782,0.028070934256055363,0.018209342560553635,0.2367560553633218,0.17922145328719724,0.04645328719723183,0.015493079584775086,0.018788927335640138,0.0170242214532872,0.01342560553633218,0.011401384083044983,0.010432525951557093,0.01051038062283737,0.012655709342560554,0.016686851211072665,0.022344290657439446,0.03661764705882353,0.054558823529411764,0.03958477508650519,0.024005190311418685,0.018122837370242215,0.013866782006920415,0.012370242214532872,0.010475778546712803,0.011401384083044983,0.01486159169550173,0.01814878892733564,0.018685121107266434,0.013529411764705882,0.23003460207612456,0.2885207612456747,expansum
0.04651404786680541,0.0209261186264308,0.03004162330905307,0.029105098855359002,0.02372528616024974,0.025036420395421435,0.03484911550468262,0.06250780437044745,0.08917793964620187,0.06807492195629553,0.03763787721123829,0.026524453694068677,0.023787721123829344,0.03036420395421436,0.030822060353798128,0.02202913631633715,0.22365244536940687,0.17522372528616026,0.047918834547346516,0.016035379812695108,0.021144640998959418,0.018834547346514047,0.01259105098855359,0.009188345473465141,0.007752341311134235,0.00874089490114464,0.011467221644120708,0.016326742976066597,0.024797086368366285,0.04404786680541103,0.0613423517169615,0.044973985431841834,0.027232049947970863,0.01704474505723205,0.01214360041623309,0.009177939646201873,0.008730489073881374,0.009261186264308012,0.012247658688865765,0.018803329864724244,0.020801248699271593,0.01445369406867846,0.2197086368366285,0.2852341311134235,palitans
0.05455119375573921,0.02440599173553719,0.032885674931129476,0.02938475665748393,0.024779040404040404,0.02411903122130395,0.03056129476584022,0.050189393939393936,0.07581496786042241,0.0519828971533517,0.031508264462809916,0.025410353535353536,0.025482093663911846,0.03090564738292011,0.03292871900826446,0.023200757575757576,0.22826274104683195,0.20362718089990817,0.05317378328741965,0.017777203856749312,0.023688590449954087,0.01949896694214876,0.013257575757575758,0.010244490358126721,0.008465335169880624,0.009082300275482093,0.009727961432506886,0.01086145546372819,0.017045454545454544,0.03284263085399449,0.050490702479338845,0.03242653810835629,0.016155876951331496,0.013429752066115703,0.010875803489439853,0.00954143709825528,0.009067952249770432,0.01030188246097337,0.012210169880624426,0.018824609733700644,0.02170856290174472,0.017260674931129476,0.2217774334251607,0.33026285583103765,griseofulvum
0.02909090909090909,0.012086776859504132,0.01940082644628099,0.025144628099173554,0.02989669421487603,0.04006198347107438,0.05357438016528926,0.07929752066115703,0.10225206611570248,0.08555785123966943,0.06198347107438017,0.045578512396694214,0.03309917355371901,0.027582644628099173,0.019524793388429752,0.011921487603305785,0.2018388429752066,0.12210743801652893,0.02797520661157025,0.009008264462809917,0.012169421487603306,0.01293388429752066,0.014276859504132232,0.015165289256198347,0.014896694214876034,0.020289256198347108,0.02353305785123967,0.02909090909090909,0.03896694214876033,0.05915289256198347,0.07770661157024793,0.06080578512396694,0.04278925619834711,0.03506198347107438,0.02628099173553719,0.019235537190082645,0.016487603305785123,0.015351239669421488,0.014793388429752067,0.013904958677685951,0.010764462809917356,0.006508264462809918,0.19485537190082644,0.18799586776859503,spinulosporum
0.045395366138803274,0.018512860027633117,0.028629503666702093,0.03171830162610267,0.030409714103517907,0.03259512169199703,0.03966282282920608,0.05431634605165267,0.07506775427781912,0.055565150387926455,0.03946354554150282,0.03356493782548624,0.03139945796577745,0.034421830162610266,0.030124083324476567,0.01895791263683707,0.23231081942820703,0.16788447231374215,0.051978159209267724,0.014401105324689127,0.02145552130938463,0.02081783398873419,0.017310553725156764,0.01452731427356786,0.012268838346264216,0.011803858008289935,0.013995908173025826,0.016035179083855884,0.01968859602508237,0.029014773089595068,0.043522159634392606,0.029665745562759062,0.0202200021256244,0.016380593049208206,0.014533956849824637,0.013318365394834733,0.012414975023913274,0.014082261664363906,0.017303911148899988,0.02174779466468275,0.020751408226166435,0.014055691359336805,0.23299500478265492,0.2857104899564247,ulaiense
0.044557963359014664,0.015975675745316806,0.02566415006828313,0.031313612821768144,0.03351671004148522,0.038773222706073335,0.04321162616918756,0.051643948568630985,0.06289778144244891,0.05394367285938829,0.045988044010409956,0.04174289468937618,0.03646705661058002,0.033374990337292895,0.026018449328763946,0.01564714370378005,0.24381586745342576,0.15544719008477415,0.05022675152670772,0.012922260300445772,0.018243191012394033,0.01873276817233116,0.018256074621866063,0.016903295627302944,0.016136720863717178,0.015982117550052823,0.016677832461542426,0.018578164858666806,0.02104537607256049,0.025844520600891544,0.03449586436135948,0.028582287613697854,0.02246901491921977,0.020111314385838335,0.017450849029864206,0.016838877579942797,0.01621402252054936,0.016420160272101834,0.018410677935530417,0.019885851220077817,0.018011286041897497,0.012007524027931666,0.24424102656600274,0.2653121698575073,hirsutum
0.053136830719307734,0.023691484886725556,0.03305089838351061,0.03039180337720089,0.02310558259719969,0.022835166155880056,0.030061294393365783,0.05169460969893636,0.08246199146685897,0.05364761733068926,0.03175890871942792,0.025779700739138274,0.02337599903851932,0.03106784448049997,0.03350159245237666,0.022639865392704767,0.22677423231776936,0.20102457784988884,0.051544378342647676,0.018373294874106123,0.023015443783426476,0.02007090920016826,0.014136770626765218,0.009494621717444866,0.007827053662640466,0.007661799170722914,0.00944955231055826,0.011222282314764737,0.016855958175590408,0.03393726338561385,0.057087915389700136,0.0338621477074695,0.017261582837569858,0.013370590709692928,0.009825130701279971,0.008097470103960098,0.008998858241692206,0.009659876209362418,0.01344570638783727,0.01858361877291028,0.022144101916952107,0.015999639444744907,0.21986358992848987,0.32821044408388916,griseofulvum
0.04500295570259911,0.01926927404130356,0.027063747830895674,0.02787894967677962,0.02392212200377567,0.026882591865143687,0.03435289182128487,0.04843538452737362,0.05868976564138746,0.04975591617246048,0.03665071222898114,0.02908506702770733,0.025523922122003776,0.029156575961556797,0.028451021147575372,0.019164394271657673,0.3016008466657768,0.1691138612917374,0.04547968192826224,0.014768978471043649,0.019212066894223986,0.01693331553555424,0.012332907457905074,0.009853931084456818,0.008967220304723404,0.010845521633836121,0.01349135218626647,0.01666634884918289,0.021681508743158977,0.027874182414522986,0.03412406323296657,0.02947598253275109,0.022353692721343986,0.01738143818767758,0.014120630804141797,0.011360385957552297,0.009429644743616636,0.009539291775519154,0.012232794950515817,0.017600732251482617,0.019274041303560193,0.014215976049274423,0.2987261875250281,0.27205812246143285,paneum
0.022665816326530613,0.009719387755102041,0.016926020408163267,0.022385204081632654,0.026377551020408164,0.03482142857142857,0.04954081632653061,0.09326530612244897,0.14030612244897958,0.10219387755102041,0.05809948979591837,0.04235969387755102,0.02860969387755102,0.02378826530612245,0.01728316326530612,0.009630102040816326,0.2049234693877551,0.0971045918367347,0.027270408163265307,0.008456632653061225,0.011122448979591837,0.013010204081632653,0.014426020408163265,0.014438775510204081,0.014566326530612244,0.015982142857142858,0.020625,0.02639030612244898,0.03956632653061225,0.06823979591836735,0.09353316326530613,0.07107142857142858,0.04256377551020408,0.029668367346938774,0.0230484693877551,0.019808673469387757,0.015599489795918367,0.015216836734693878,0.014247448979591838,0.013686224489795918,0.010484693877551021,0.006926020408163265,0.20137755102040816,0.1686734693877551,mononematosum
0.03938271604938272,0.018065843621399177,0.024046639231824415,0.028930041152263376,0.02832647462277092,0.03238683127572017,0.04212620027434842,0.07021947873799726,0.09679012345679013,0.07069958847736625,0.040480109739369,0.03194787379972565,0.02707818930041152,0.029108367626886147,0.027613168724279834,0.01843621399176955,0.21761316872427983,0.15674897119341563,0.03794238683127572,0.013525377229080933,0.016488340192043895,0.01691358024691358,0.014499314128943758,0.01364883401920439,0.012921810699588478,0.014238683127572016,0.017242798353909464,0.022359396433470506,0.029766803840877914,0.048285322359396435,0.06644718792866941,0.04812071330589849,0.027791495198902606,0.019670781893004117,0.014787379972565158,0.012866941015089164,0.011508916323731138,0.012661179698216736,0.014787379972565158,0.01765432098765432,0.017530864197530863,0.012030178326474622,0.20872427983539094,0.25758573388203015,echinulatum
0.04501488095238095,0.016439909297052153,0.02725517290249433,0.033172123015873016,0.03626346371882086,0.03624574829931973,0.042782738095238096,0.05528096655328798,0.0662733843537415,0.05705250850340136,0.04544005102040816,0.042136125283446714,0.03713151927437642,0.03466907596371882,0.02839781746031746,0.016014739229024945,0.22254109977324263,0.15788867630385486,0.049860048185941044,0.012932256235827664,0.019655257936507936,0.02186968537414966,0.020691609977324263,0.0182203089569161,0.01620075113378685,0.015642715419501133,0.016121031746031748,0.017750850340136053,0.020789044784580497,0.02617453231292517,0.033482142857142856,0.0274234693877551,0.020833333333333332,0.020744756235827666,0.018105158730158732,0.01846832482993197,0.01845060941043084,0.019380668934240362,0.021001629818594103,0.021577380952380952,0.018238024376417233,0.011683319160997732,0.22117701247165533,0.27352607709750565,tulipae
0.03672193877551021,0.017142857142857144,0.025880102040816328,0.027716836734693877,0.027487244897959184,0.030165816326530613,0.04354591836734694,0.07608418367346939,0.10603316326530612,0.07329081632653062,0.04052295918367347,0.029910714285714287,0.024948979591836735,0.028596938775510203,0.026875,0.017869897959183673,0.21661989795918368,0.15058673469387754,0.037142857142857144,0.013176020408163265,0.016543367346938776,0.015688775510204082,0.014974489795918366,0.013316326530612245,0.012691326530612244,0.01403061224489796,0.016505102040816327,0.022372448979591838,0.03225765306122449,0.05285714285714286,0.0753188775510204,0.050701530612244895,0.029642857142857144,0.01941326530612245,0.013813775510204082,0.010931122448979591,0.010025510204081633,0.01125,0.013635204081632653,0.017461734693877552,0.017308673469387754,0.011479591836734694,0.21096938775510204,0.2464923469387755,echinulatum
0.027831450653983354,0.012410820451843043,0.016015160523186682,0.024022740784780023,0.023149524375743163,0.030636890606420927,0.03990784780023781,0.07682446492271106,0.12146997621878716,0.075839774078478,0.048026902497027346,0.038663049940546965,0.026921076099881095,0.026456599286563614,0.020715665873959573,0.011556183115338882,0.2545518727705113,0.125,0.03015383472057075,0.010199910820451843,0.013228299643281807,0.014788941736028537,0.012893876337693223,0.012243608799048752,0.01294961355529132,0.015680737217598096,0.017464328180737218,0.020901456599286564,0.03032104637336504,0.05820823424494649,0.08310419143876338,0.0535820451843044,0.029800832342449464,0.02253641498216409,0.017798751486325804,0.015699316290130796,0.013339774078478002,0.013692776456599286,0.013135404280618311,0.015086206896551725,0.013284036860879905,0.00849063614744352,0.2477333531510107,0.20368237217598098,gladioli
0.023485725308641976,0.010513117283950617,0.016866801697530864,0.02182195216049383,0.027669270833333332,0.03616898148148148,0.05513358410493827,0.09170042438271606,0.13076292438271606,0.10115258487654322,0.06142698688271605,0.04343894675925926,0.029164255401234566,0.02309992283950617,0.016770351080246913,0.00904224537037037,0.2031129436728395,0.09866898148148148,0.02728346836419753,0.008439429012345678,0.01175491898148148,0.01363570601851852,0.014202353395061729,0.015010127314814815,0.015190972222222222,0.017686631944444444,0.022448881172839507,0.02866994598765432,0.04213686342592592,0.06435667438271606,0.08640769675925926,0.06653886959876543,0.04410204475308642,0.031165605709876542,0.02507716049382716,0.019929108796296297,0.016553337191358024,0.015239197530864198,0.014154128086419753,0.012707368827160493,0.010308159722222222,0.005835262345679012,0.20249807098765432,0.16866801697530864,mononematosum
0.023627180899908173,0.01061524334251607,0.01640955004591368,0.02202020202020202,0.024499540863177228,0.03294765840220386,0.05191919191919192,0.09980716253443526,0.1427823691460055,0.10039485766758494,0.054839302112029385,0.03393021120293847,0.025013774104683195,0.024453627180899908,0.019375573921028465,0.011303948576675849,0.20837465564738292,0.09768595041322314,0.026914600550964188,0.007998163452708908,0.010826446280991735,0.012718089990817263,0.012966023875114785,0.013746556473829202,0.012892561983471074,0.015775941230486683,0.020651974288337923,0.030707070707070707,0.04592286501377411,0.07179063360881542,0.0939485766758494,0.07004591368227732,0.04497704315886134,0.02881542699724518,0.01985307621671258,0.015500459136822773,0.011836547291092746,0.012359963269054178,0.014022038567493112,0.014995408631772268,0.012130394857667585,0.007621671258034895,0.2049678604224059,0.16601469237832875,melanoconidium
0.030801248699271592,0.015452653485952133,0.01781477627471384,0.02190426638917794,0.01887617065556712,0.02701352757544225,0.03967741935483871,0.08022892819979188,0.10627471383975026,0.08157127991675338,0.04852237252861603,0.0377315296566077,0.02708636836628512,0.029115504682622268,0.02417273673257024,0.014640998959417274,0.22903225806451613,0.15008324661810615,0.03414151925078044,0.012809573361082205,0.013777315296566077,0.012840790842872008,0.010385015608740895,0.010634755463059314,0.008054110301768991,0.010343392299687825,0.012258064516129033,0.018668054110301768,0.03308012486992716,0.06039542143600416,0.0741207075962539,0.058199791883454734,0.03400624349635796,0.020676378772112383,0.01400624349635796,0.011508844953173777,0.010447450572320499,0.01141519250780437,0.014266389177939647,0.016503642039542143,0.015171696149843912,0.009791883454734652,0.22521331945889697,0.2472840790842872,Eupenicillium molle
0.04351683962810077,0.01758226920257706,0.026561475251726398,0.027931021179738436,0.027226958836464643,0.030978743104046913,0.04169399328729601,0.06448439489217236,0.08785347787508198,0.07017476177616604,0.04466455769453339,0.0340939778557926,0.02955132903823155,0.029377724624821574,0.027824929593765674,0.01655028741175109,0.22193395316538714,0.15799930558234637,0.04397978473052737,0.014630994174607462,0.018604606303769144,0.01878785540681301,0.015132518035569616,0.011400023147255122,0.010435554183866363,0.011583272250298985,0.014283785347787507,0.01885536823425022,0.02774777207669457,0.04425948072991011,0.05934377531731029,0.04689248099996142,0.029483816210794336,0.021247251263454343,0.016000540102619497,0.012663477489294394,0.011901547008217276,0.012817792523436596,0.014958913622159639,0.018527448786698045,0.017717294857451486,0.012258400524671116,0.21754561938196829,0.2589406272906138,discolor
0.033499715932148365,0.015765765765765764,0.022035549062576088,0.02532261991721451,0.02278629981332684,0.02796039282525769,0.03970862754646538,0.08315071828585342,0.12143900657414171,0.0843681519357195,0.04248843438032627,0.03232286340394448,0.02574872169466764,0.026540053567080595,0.02339501663825988,0.015441116792468144,0.2098043989935882,0.14822254687119552,0.033662040418797175,0.011301842382923463,0.014284554825095365,0.013696128560993425,0.012093174255336417,0.009394529664799934,0.008785812839866894,0.009800340881421963,0.01300624949273598,0.019255742228715202,0.034108432757081406,0.07203149095040987,0.09355977599220842,0.065051538024511,0.03435191948705462,0.020635500365230094,0.014446879311744177,0.01154532911289668,0.009009009009009009,0.009495982468955442,0.011038065092119145,0.013127992857722587,0.015745475204934665,0.010003246489732977,0.20209398587776967,0.23847496144793442,Eupenicillium crustaceum
0.04730785409530677,0.02025118682771468,0.030421849648458628,0.026741181419385855,0.022564749714560423,0.02131782945736434,0.02794303226969533,0.06006249624421609,0.10897782585181179,0.062150712096628806,0.030812451174809206,0.02559942311159185,0.0249083588726639,0.03027161829216994,0.029730785409530676,0.020731927167838473,0.22901267952647075,0.18119403881978247,0.045730424854275586,0.01596959317348717,0.019935700979508444,0.01724655970194099,0.012424133165074215,0.009028904512949944,0.0073613364581455445,0.008397932816537468,0.009164112733609758,0.011868277146806081,0.019289706147467098,0.04849468180998738,0.08276245417943633,0.04406285679947119,0.019725377080704286,0.013460729523466138,0.010666426296496605,0.009629829938104682,0.009134066462352023,0.010891773330929631,0.014452256474971456,0.017682230635178174,0.01998077038639505,0.013625984015383692,0.21897722492638663,0.29003665645093446,griseofulvum
0.048932137573964495,0.018722263313609468,0.02972448224852071,0.032613720414201186,0.028106508875739646,0.02775980029585799,0.03487888313609468,0.05868620562130177,0.09166974852071005,0.06390994822485208,0.036242603550295856,0.03289108727810651,0.028892381656804734,0.0308801775147929,0.029493343195266274,0.020062869822485205,0.20703125,0.17950258875739644,0.05477995562130177,0.01622596153846154,0.021703957100591715,0.02013221153846154,0.018259985207100593,0.011741863905325443,0.009199334319526627,0.009060650887573964,0.010794193786982249,0.012550850591715977,0.018283099112426034,0.036727995562130175,0.05993435650887574,0.03635817307692308,0.019785502958579882,0.014862241124260355,0.011140902366863905,0.01178809171597633,0.010516826923076924,0.011487610946745563,0.016341531065088757,0.020941198224852072,0.021472818047337278,0.014076368343195266,0.20733173076923078,0.30450258875739644,glandicola
0.04198280777158896,0.016961975351958248,0.026117275558089556,0.02802508661900794,0.026764177009780274,0.03203806850576729,0.04114951098636025,0.06295776501030656,0.08727687382132363,0.0681220121924477,0.046675584404192796,0.037684750668830314,0.029910968817157144,0.028803561247313713,0.026654532695934388,0.01708258409718872,0.22312617867637385,0.15866628656637866,0.03777246611990702,0.012905135739660541,0.016567255822113065,0.015613350291653874,0.013310819700890313,0.01222534099381606,0.011194684443664752,0.013606859348274198,0.016347967194421296,0.021216174729178545,0.028748739090390774,0.045326959343888425,0.06383491952107363,0.046631726678654443,0.03265207666330424,0.025229156615937897,0.01934125696241393,0.016315073900267534,0.012696811543353361,0.012280163150739003,0.014056401035042323,0.01626025174334459,0.01624928731196,0.011019253541511337,0.21260032454716898,0.25599754396736984,tricolor
0.02451851851851852,0.010864197530864197,0.018064197530864197,0.024039506172839505,0.026923456790123458,0.03630617283950617,0.047733333333333336,0.0733679012345679,0.09380246913580247,0.0772,0.04937283950617284,0.040587654320987654,0.031209876543209877,0.02711604938271605,0.020671604938271606,0.010888888888888889,0.28332345679012344,0.10400987654320988,0.033777777777777775,0.008864197530864197,0.01331358024691358,0.01642469135802469,0.01693827160493827,0.017293827160493828,0.016365432098765433,0.017728395061728394,0.019560493827160495,0.02306172839506173,0.028474074074074075,0.0396,0.04981234567901235,0.040054320987654324,0.029466666666666665,0.023185185185185184,0.01930864197530864,0.018266666666666667,0.016760493827160494,0.017614814814814816,0.018409876543209875,0.017639506172839506,0.014691358024691358,0.007965432098765431,0.2846469135802469,0.1907753086419753,polonicum
0.023175542406311637,0.011359485718460077,0.017094017094017096,0.021422309883848346,0.023175542406311637,0.03186865366352546,0.044853532033019214,0.09180729052523924,0.15119804222368324,0.09261085543136825,0.05400321425962452,0.04156622105340054,0.029110965008400908,0.0267367959675652,0.01893856381035868,0.011779531010300241,0.19539411206077872,0.11390532544378698,0.02465483234714004,0.008638322740886844,0.010628972167433706,0.01207173643071079,0.012455256044999636,0.013130981079699029,0.013660603404193148,0.016491343414420337,0.02080137336547593,0.02618891080429542,0.03721966542479363,0.07341661187815034,0.1129556578274527,0.06521659726787932,0.0369639856819344,0.027558623712469865,0.020874424720578568,0.019102929359339615,0.01490247644093798,0.014811162247059683,0.014062385857257652,0.013477975016436555,0.011834319526627219,0.0071772956388341,0.18604353860764117,0.18566001899335233,neoechinulatum
0.02283653846153846,0.009060650887573964,0.015532544378698224,0.020525147928994084,0.02228180473372781,0.03356139053254438,0.05260724852071006,0.12093195266272189,0.17427884615384615,0.11455251479289941,0.05981878698224852,0.038646449704142015,0.02228180473372781,0.01617973372781065,0.015902366863905327,0.009892751479289941,0.15393860946745563,0.09717085798816567,0.023946005917159764,0.0073964497041420114,0.010909763313609468,0.01257396449704142,0.009060650887573964,0.012943786982248521,0.012851331360946745,0.014792899408284023,0.02191198224852071,0.030787721893491125,0.05205251479289941,0.10549186390532544,0.13239644970414202,0.07701553254437869,0.05001849112426036,0.029863165680473373,0.019970414201183433,0.011279585798816568,0.00915310650887574,0.00952292899408284,0.00933801775147929,0.010539940828402367,0.008783284023668639,0.006379437869822485,0.1473742603550296,0.16364644970414202,Eupenicillium tularense
0.04072772068986239,0.01655549546301304,0.024998497686437113,0.028964605492458387,0.026816297097530195,0.030376780241572022,0.03836908839613004,0.07160026440718707,0.11743585121086474,0.07430442882038339,0.040337119163511806,0.03270536626404663,0.03009134066462352,0.029370230154437835,0.02558439997596298,0.015834384952827355,0.20559161108106483,0.15033651823808666,0.04382248662940929,0.01276966528453819,0.01771227690643591,0.018778919536085573,0.0156691304609098,0.012604410792620636,0.013010035454600085,0.012784688420167058,0.014752719187548825,0.01840334114536386,0.025749654467880537,0.05264106724355507,0.0794423412054564,0.048960399014482306,0.02522384472087014,0.01909440538429181,0.01431704825431164,0.013415660116579532,0.01352082206598161,0.013881377321074456,0.015023135628868457,0.018328225467219517,0.016886004446848145,0.011522745027342107,0.20167057268193017,0.25001502313562884,freii
0.028480768488870028,0.015103583966667953,0.01825739747694919,0.02204776050306701,0.017726939547085374,0.02503761428957216,0.036032560472204,0.0759519308668647,0.10402762239111145,0.08187377030207169,0.04495389838355002,0.038810231086763625,0.027207669457196867,0.030535087380888084,0.024198526291423942,0.014611704795339686,0.2431715597392076,0.15197137456116663,0.03239651248022839,0.013570078314879826,0.013550788935612052,0.012277689903938892,0.011274642182014584,0.010377686046063038,0.007783264534547279,0.009606110875352031,0.011554338181397323,0.016183789205663362,0.030805138690636936,0.05767524401064774,0.076183403418078,0.05577524015277188,0.031798541722927356,0.01869140851047413,0.013521854866710389,0.013300027005130974,0.011023880251533506,0.013029975695382123,0.015489371552023457,0.016569576791018864,0.01627059141236835,0.010020832529609197,0.2324370201766907,0.2488329925542996,Eupenicillium molle
0.037002505681487094,0.014101742322708466,0.023425208321193405,0.02646990268632364,0.02604743313326729,0.030621758638773963,0.039930656721636267,0.07059611910727813,0.13138803100052446,0.07667093992191597,0.04253831361808753,0.03512324456616747,0.029062991667152264,0.027882990501719013,0.022900763358778626,0.015500262222481208,0.21251675310296603,0.1382203834275392,0.038415593496882464,0.011173591282559292,0.016082978847386516,0.01637433715983917,0.014699026863236408,0.013300506963463668,0.0133150748790863,0.013708408600897384,0.01631606549734864,0.018880018646931996,0.027402249286172135,0.052386224578987235,0.09256453586620826,0.05234252083211934,0.028509410873492222,0.020875823087232678,0.01561680554746227,0.014597051453877978,0.013883223588368977,0.0141163102383311,0.01729211584406503,0.017364955422178193,0.015879028028669657,0.01003729386399394,0.20556785735097022,0.22929899190023892,entromorphobium
0.024832589285714284,0.011379942602040817,0.016800860969387755,0.020806760204081634,0.02264030612244898,0.03491709183673469,0.05131935586734694,0.09466677295918367,0.12547831632653061,0.10056600765306123,0.054986447704081634,0.03653140943877551,0.0235172193877551,0.02206234056122449,0.02000956632653061,0.010722257653061224,0.2158801020408163,0.11288265306122448,0.026327327806122448,0.008310746173469387,0.01110092474489796,0.011519451530612245,0.010762117346938776,0.01233657525510204,0.011778539540816327,0.015764508928571428,0.01881377551020408,0.02911750637755102,0.04585857780612245,0.07312260841836735,0.09466677295918367,0.07099011479591837,0.04528061224489796,0.027981505102040817,0.018395248724489797,0.014508928571428572,0.010861766581632654,0.011658960459183673,0.012057557397959183,0.013352997448979591,0.011041135204081632,0.00661670918367347,0.20966198979591838,0.17811304209183673,radicicola
